Frame#,Time,L.Wrist.x,L.Wrist.y,L.Wrist.z,L.Thumb.M1.x,L.Thumb.M1.y,L.Thumb.M1.z,L.Thumb.M2.x,L.Thumb.M2.y,L.Thumb.M2.z,L.Thumb.M3.x,L.Thumb.M3.y,L.Thumb.M3.z,L.Finger3.M1.x,L.Finger3.M1.y,L.Finger3.M1.z,L.Finger3.M2.x,L.Finger3.M2.y,L.Finger3.M2.z,L.Finger3.M3.x,L.Finger3.M3.y,L.Finger3.M3.z
1,0,2132.82153,-388.26794,852.9809,2112.35596,-348.06866,861.16974,2080.0061,-318.03101,839.64105,2051.08569,-295.21652,806.25861,2115.35034,-382.3566,763.01508,2113.87695,-352.67734,716.09888,2123.05225,-311.83801,693.88214
2,0.008,2124.84424,-388.91345,853.76074,2106.49316,-350.65005,859.63,2071.32373,-318.32846,840.09644,2042.50574,-294.66159,804.28534,2104.87866,-384.01526,764.33075,2104.70068,-353.14716,716.81268,2113.80566,-314.01663,694.12756
3,0.017,2111.36206,-385.0712,851.51141,2094.42456,-347.96057,862.11578,2062.19141,-316.83435,838.64337,2033.41516,-292.65845,802.72034,2095.15723,-381.61526,764.77765,2093.84912,-354.98676,717.11981,2104.76685,-316.95108,693.09277
4,0.025,2105.46533,-387.58847,855.40637,2084.77417,-346.979,861.17334,2053.63086,-315.12039,838.92944,2025.98645,-295.29694,802.71198,2085.00024,-383.60278,765.5213,2085.17603,-355.01804,717.47473,2093.45386,-317.52426,694.05908
5,0.033,2095.4353,-386.58972,851.70404,2077.04883,-347.78976,862.10138,2046.50061,-316.22256,839.55573,2017.71423,-293.0777,802.73926,2076.60767,-386.35797,767.8042,2074.88818,-358.38205,717.17676,2083.26514,-318.29123,693.35651
6,0.042,2086.84424,-387.03278,854.4704,2070.11304,-346.47479,862.26459,2038.37036,-315.75305,839.89685,2009.27612,-292.27356,805.35516,2066.47607,-384.62466,765.80994,2063.53418,-359.57437,718.06659,2073.29126,-321.36578,692.41388
7,0.05,2078.84717,-386.89276,852.77539,2060.4165,-346.92584,862.23621,2028.88135,-315.41132,840.56543,2000.74463,-290.01367,805.52844,2059.0752,-389.07861,768.24799,2056.00439,-358.75888,718.67059,2064.65039,-320.25354,693.47815
8,0.058,2071.20337,-387.6835,855.38684,2052.39136,-345.21988,862.9729,2021.13403,-314.7103,841.90204,1992.76257,-287.52673,807.52252,2049.35718,-387.12943,767.93433,2045.46521,-360.67215,719.36298,2054.15991,-322.34653,692.69739
9,0.067,2067.50854,-388.15472,857.20844,2046.39685,-345.62711,862.13422,2015.13281,-313.80997,843.42004,1987.09607,-284.91284,808.75598,2039.98926,-388.46844,768.54736,2036.00134,-360.10837,718.22235,2044.01343,-320.52121,691.09863
10,0.075,2054.57642,-388.93643,853.41125,2037.08777,-346.10623,863.09558,2007.32544,-313.47018,843.74091,1980.922,-285.53857,810.22992,2032.72498,-387.68481,767.97968,2026.0918,-359.2847,718.56018,2035.56104,-321.42328,691.92871
11,0.083,2049.53638,-387.46112,853.64557,2029.18506,-344.61133,862.67987,1999.00708,-312.2283,843.59845,1972.75488,-284.66406,810.05066,2024.03149,-387.07391,768.63782,2018.05676,-360.10059,718.21613,2027.32507,-321.63229,691.01056
12,0.092,2038.255,-388.8508,853.94714,2021.54163,-347.20685,862.71667,1991.86584,-311.48041,843.85522,1964.62146,-283.02469,810.49121,2015.11816,-385.91516,768.59344,2009.14722,-359.02502,719.11005,2018.37427,-320.37842,691.38428
13,0.1,2033.56299,-388.01559,854.06213,2013.5343,-345.77634,862.79932,1984.9563,-312.34097,843.73151,1957.25623,-281.90747,811.44641,2008.34119,-385.3645,767.16492,2000.81738,-356.95453,718.92816,2009.75439,-318.49942,692.04999
14,0.108,2024.11682,-386.80914,852.71423,2004.12244,-345.832,863.10193,1976.4342,-310.90796,843.24829,1950.86182,-283.32861,810.92688,2000.46313,-385.90982,766.76703,1993.60901,-357.51813,717.40381,2000.88293,-317.04874,690.68738
15,0.117,2015.47522,-386.41858,852.15918,1999.23035,-346.73029,862.58417,1969.47424,-310.29254,844.02948,1942.88989,-282.04416,810.52612,1992.71094,-383.90796,765.9917,1985.20154,-356.00604,716.78931,1992.58875,-315.8999,691.4342
16,0.125,2012.24817,-386.04141,850.50482,1991.18738,-345.13492,862.80322,1962.99573,-311.61853,843.88831,1934.67749,-281.49759,810.57538,1985.15198,-383.15149,766.47253,1977.58374,-353.83093,716.65924,1985.89063,-315.62909,691.35187
17,0.133,2004.14343,-385.39566,849.45728,1982.73279,-345.23798,861.50562,1955.56677,-309.84418,841.20752,1927.96387,-283.02246,809.16132,1978.01074,-382.9729,765.15509,1972.0282,-353.75833,716.92871,1979.18591,-314.94296,691.13568
18,0.142,1996.13586,-385.8194,850.63666,1979.65747,-344.57492,861.16034,1947.74536,-309.80295,841.64471,1921.43237,-282.14612,809.25024,1971.67468,-380.75571,763.73517,1964.80603,-353.96097,716.1546,1972.76172,-313.55838,690.84241
19,0.15,1991.21265,-385.80484,850.55176,1971.4115,-344.11533,859.41248,1941.25671,-310.32239,841.12366,1912.41907,-281.29874,807.27643,1964.40637,-380.07227,761.73096,1958.2002,-351.16837,715.7627,1966.06104,-311.78568,689.89777
20,0.158,1983.47705,-383.47217,849.11536,1964.02844,-343.45895,859.07568,1934.21252,-308.81647,840.5144,1910.50659,-278.86917,807.68024,1959.19263,-380.10623,760.79559,1950.90393,-351.10953,714.60724,1960.13403,-310.9953,689.52631
21,0.167,1977.45483,-384.14203,848.85388,1959.72693,-342.95425,858.31458,1927.27539,-305.94025,838.13263,1903.40979,-279.61157,805.8573,1953.39783,-379.79425,760.39612,1945.07434,-352.23218,714.52594,1953.29529,-311.58646,688.62073
22,0.175,1969.51733,-383.85162,848.59796,1951.10364,-341.84195,857.72327,1921.48535,-308.35172,837.23834,1896.58691,-279.72311,804.83118,1945.90845,-379.47241,759.58118,1939.94666,-350.9389,713.09741,1949.02112,-311.67108,688.03564
23,0.183,1962.90527,-382.12039,847.38092,1945.34424,-339.98734,855.23029,1915.44275,-306.44275,834.61023,1888.1366,-282.07339,801.01208,1940.91431,-380.40799,758.79224,1936.19312,-349.64853,711.32263,1944.3219,-310.98059,685.65802
24,0.192,1958.96582,-380.68546,846.65527,1937.86328,-338.31912,854.22363,1908.3252,-304.70209,832.68768,1880.17676,-281.22394,798.51196,1934.60449,-377.90536,758.31232,1928.15979,-351.66025,710.08679,1937.94177,-313.23364,684.66779
25,0.2,1951.84668,-378.90195,845.99933,1936.32214,-336.88937,852.2948,1903.12073,-306.62927,831.2384,1873.82239,-280.55466,796.07288,1930.56213,-380.16568,758.53308,1924.26526,-352.28339,709.50647,1930.83545,-312.73206,684.16132
26,0.208,1945.75452,-378.0864,843.98755,1925.88257,-336.23547,852.5459,1898.40295,-304.27396,829.07825,1871.00195,-281.12506,793.3468,1923.78955,-377.54401,758.48077,1918.73169,-352.4754,708.59174,1929.14868,-312.82486,683.37347
27,0.217,1940.49292,-377.55396,843.83624,1919.44702,-336.90289,851.31635,1891.11365,-304.99765,826.73572,1864.3147,-283.61716,791.06567,1920.19629,-379.60919,758.52582,1913.09485,-352.99417,708.42572,1923.57849,-315.02136,681.37744
28,0.225,1933.3855,-376.92133,845.29608,1915.67712,-335.61078,850.38617,1885.0426,-305.59372,823.84698,1858.6449,-281.72284,787.31177,1915.94275,-379.66519,757.534,1911.09094,-353.71255,709.44952,1916.64624,-314.89212,679.8941
29,0.233,1928.00024,-375.31073,846.01013,1909.43982,-333.21182,851.15216,1879.72339,-302.65219,824.03656,1855.30261,-283.77625,786.10339,1911.3573,-379.36572,757.81818,1907.73474,-355.6181,708.65192,1915.27307,-316.4357,679.01447
30,0.242,1926.78918,-374.82455,846.54956,1905.3468,-334.3772,852.22052,1877.53577,-302.76093,824.08386,1849.16821,-281.02829,785.19269,1908.60828,-378.4548,758.17462,1904.45886,-354.47824,708.35559,1910.95349,-318.23572,678.23792
31,0.25,1918.37549,-374.50314,845.96344,1899.54333,-333.40451,851.07458,1870.91589,-301.03543,823.25958,1845.11255,-283.27036,784.53735,1903.15125,-378.00015,757.82117,1899.48352,-355.46539,707.06104,1909.74219,-320.39151,677.29199
32,0.258,1916.51611,-374.14017,845.98737,1895.1825,-334.01807,851.31567,1866.17688,-303.41342,823.3924,1840.86145,-279.97342,784.70856,1900.75012,-378.07291,757.62042,1897.52063,-355.17062,707.50024,1908.04651,-320.88248,677.39417
33,0.267,1909.62158,-372.88092,846.74475,1891.52588,-331.93115,851.32025,1860.37744,-301.32709,823.54572,1835.70947,-277.76068,785.92322,1898.37585,-377.86646,758.02643,1896.13477,-355.34418,707.09888,1904.54236,-319.67474,677.44891
34,0.275,1908.91125,-372.40112,846.31165,1887.21436,-331.07352,851.36859,1856.21863,-301.14172,825.38245,1832.42615,-277.79636,786.31763,1894.35168,-376.3262,757.88562,1892.30591,-352.8374,706.8045,1902.08875,-317.35077,677.50024
35,0.283,1902.63416,-371.5509,847.84991,1879.38574,-330.92487,852.4845,1850.47876,-299.6514,826.79675,1825.51038,-277.27835,788.28668,1892.04431,-374.92981,757.95532,1891.11963,-352.43192,707.11584,1901.87585,-316.48157,677.26758
36,0.292,1894.49036,-372.62347,847.02344,1876.26843,-331.46783,850.81989,1847.82727,-299.65884,826.81024,1820.51038,-278.71841,788.99542,1888.92871,-373.0983,757.59595,1887.90466,-350.93927,706.97449,1897.34741,-313.01291,676.46765
37,0.3,1893.57666,-370.98575,846.45367,1871.85779,-330.69278,850.33398,1841.57617,-299.60226,826.27655,1816.18909,-275.49109,789.12103,1885.96448,-372.35303,757.53375,1885.18115,-348.46964,706.92981,1895.78088,-312.53256,676.99121
38,0.308,1887.75134,-369.67581,845.79456,1868.37671,-329.27335,849.98041,1837.6615,-300.3468,825.92145,1812.38782,-276.58124,789.06238,1881.51428,-369.87766,756.76715,1881.14771,-345.08176,706.13812,1891.73877,-309.90305,676.55579
39,0.317,1886.17395,-368.58176,846.02771,1861.4856,-327.70432,850.4281,1830.81323,-298.8898,826.1684,1803.87195,-276.96124,788.93799,1879.29395,-368.66174,756.40485,1879.11829,-343.79797,705.62677,1887.04199,-305.48721,676.17468
40,0.325,1882.40295,-366.6355,844.59491,1857.81335,-329.47748,848.96838,1827.23608,-300.28864,824.81128,1800.52161,-277.93445,789.00977,1873.99878,-366.23517,754.12054,1874.87256,-342.17542,705.28271,1884.69006,-304.43204,676.34991
41,0.333,1876.84204,-364.80414,844.58044,1850.88855,-327.85361,848.69202,1820.53528,-298.646,824.50189,1793.32385,-277.70871,787.86218,1869.19006,-366.16373,754.13782,1871.48962,-340.71976,704.48456,1880.05042,-301.789,677.46588
42,0.342,1873.72351,-364.84244,842.26953,1848.51294,-325.17551,848.22107,1817.50964,-299.31299,824.50885,1789.42139,-279.10229,787.06976,1865.89978,-364.96231,753.89014,1867.40894,-338.13571,703.5177,1875.09143,-299.44226,678.23157
43,0.35,1866.87463,-362.97568,843.00555,1840.58154,-327.74551,846.82568,1812.22791,-298.9006,822.7569,1782.13086,-278.99271,785.69421,1862.58557,-363.74011,753.73657,1863.19128,-335.20535,703.32416,1871.61145,-299.22565,679.20929
44,0.358,1864.90674,-363.70514,843.06744,1839.26074,-322.4437,847.65112,1806.88782,-299.04971,822.32629,1776.74927,-280.42548,785.05945,1858.54224,-362.67612,752.78241,1860.02637,-334.37723,703.42737,1866.74365,-295.93338,679.66394
45,0.367,1859.50781,-360.80624,842.49164,1833.57397,-324.47144,846.76129,1802.59875,-297.87811,821.70935,1773.34497,-280.86984,783.75262,1855.42004,-362.70032,751.98065,1853.48743,-333.59549,704.79657,1861.7179,-293.33356,679.45093
46,0.375,1857.37012,-361.74658,842.40582,1830.34192,-321.17737,847.05798,1798.07959,-298.11871,820.85413,1767.77026,-280.38849,782.32001,1849.52563,-361.72241,752.14325,1849.55493,-334.86938,703.33221,1856.40344,-294.1929,680.11823
47,0.383,1850.42566,-358.82101,841.52728,1824.3728,-322.4115,847.5556,1791.99036,-296.91693,818.42407,1762.94055,-282.54565,780.27643,1845.6908,-363.58151,752.51892,1843.75256,-332.60495,703.88586,1850.9176,-292.3609,679.7121
48,0.392,1846.31165,-359.94186,842.38965,1817.67419,-323.16562,844.315,1788.38489,-297.875,818.0885,1757.13245,-282.39508,778.1416,1840.52332,-361.68716,752.96222,1840.47253,-334.4382,704.92792,1845.17139,-294.00256,680.49402
49,0.4,1840.9519,-358.04147,842.01477,1812.83044,-320.38367,844.59656,1782.45288,-295.41821,816.76794,1753.08057,-284.19885,775.51501,1837.52466,-361.83606,752.6463,1835.47717,-334.96436,704.62866,1840.02087,-293.69974,680.40436
50,0.408,1835.64331,-355.41345,843.50079,1809.64307,-319.25931,845.1582,1776.25061,-296.49805,815.09137,1749.03613,-286.08026,774.44067,1831.80859,-363.8287,753.73108,1830.50452,-334.49426,704.63361,1835.37122,-294.99371,679.82709
51,0.417,1832.28247,-355.48404,843.69733,1805.12878,-317.33777,844.57245,1770.6394,-297.00772,813.00519,1743.06055,-285.68771,773.20074,1826.64429,-362.7095,753.75922,1826.35449,-336.29834,704.1073,1830.34033,-296.61749,680.21558
52,0.425,1826.59192,-352.57959,844.56482,1797.68359,-317.89682,844.16211,1763.48132,-296.41385,812.11426,1737.8302,-286.29529,770.61584,1822.34119,-362.82822,754.06641,1820.77527,-337.68335,704.44977,1824.79797,-296.89285,679.55096
53,0.433,1818.51819,-352.59296,843.48138,1790.52856,-319.36542,843.50885,1758.65186,-296.2005,812.41785,1733.08289,-284.68384,769.32983,1817.06714,-362.35953,755.12567,1816.77625,-337.97562,704.36951,1820.56934,-297.79163,679.53851
54,0.442,1815.09583,-353.13406,843.93243,1783.01343,-319.70218,844.04028,1751.97766,-295.74939,812.74591,1727.36096,-284.21539,769.78363,1811.76978,-362.74646,755.56335,1811.1543,-338.36993,704.24463,1814.57056,-296.25745,678.49316
55,0.45,1806.42261,-352.68216,842.80127,1778.17957,-319.24036,844.95612,1745.45667,-293.18219,814.46826,1720.64258,-282.65994,771.46075,1807.33301,-361.56323,755.94232,1805.14661,-338.57379,704.05243,1809.58862,-298.0242,678.18762
56,0.458,1802.84302,-354.16031,843.38147,1772.23499,-317.88306,844.56805,1740.71375,-295.1506,815.87915,1714.94861,-280.65875,772.75507,1800.46509,-360.11154,753.94452,1799.84436,-336.8768,702.96875,1802.8147,-296.85315,677.17432
57,0.467,1796.28491,-351.95761,843.46619,1764.91138,-319.61618,843.98145,1733.75916,-294.31808,816.60474,1707.30444,-278.45837,775.10114,1796.02783,-359.76694,752.95856,1795.3186,-335.85507,702.25464,1796.97339,-295.89493,676.18896
58,0.475,1788.82227,-353.48337,842.01306,1758.50684,-319.34473,843.78656,1726.5625,-293.892,817.96173,1701.14795,-277.3389,778.07642,1788.65625,-359.10358,751.13733,1788.14612,-332.94098,701.02075,1792.86646,-294.12466,675.82129
59,0.483,1783.69751,-352.51422,842.27893,1750.87744,-320.49554,843.84125,1721.18408,-294.69684,819.2865,1692.73535,-276.70825,779.17188,1782.71387,-356.57059,750.56366,1782.27393,-330.43024,700.6463,1786.99597,-290.84122,675.73932
60,0.492,1775.40735,-353.48392,839.36407,1743.60583,-321.63519,843.89233,1713.05371,-294.43329,819.86798,1684.66479,-274.46906,780.79877,1775.37219,-353.42715,749.72638,1775.15393,-328.3577,700.03876,1779.3562,-288.31461,674.88953
61,0.5,1770.60254,-353.28525,839.35236,1740.03442,-317.26556,844.28705,1705.73145,-295.67477,819.86658,1679.28552,-277.74609,782.03955,1768.15393,-351.20029,748.56226,1768.72925,-325.58847,699.08868,1772.4386,-282.65518,675.09808
62,0.508,1763.453,-353.75681,838.09668,1731.12964,-319.95685,843.36243,1699.74231,-296.18964,819.69946,1670.58301,-276.53238,781.60406,1761.17493,-350.34213,747.69733,1762.00928,-320.94009,697.62433,1765.13293,-278.82761,675.15826
63,0.517,1755.74072,-353.67108,836.98169,1726.48657,-319.10977,842.74646,1692.03101,-295.97119,819.18524,1661.89636,-276.87009,782.14893,1754.25574,-348.37579,744.30963,1753.73718,-317.45712,697.54749,1757.98401,-276.32971,675.64734
64,0.525,1747.58191,-356.88806,835.13507,1716.10864,-321.35098,842.00836,1683.67163,-296.99686,819.87848,1653.91418,-276.48828,784.04779,1746.60181,-346.00955,742.33887,1746.97302,-314.23004,697.43005,1750.69897,-272.32986,676.07422
65,0.533,1739.21362,-356.23083,834.64825,1709.62158,-321.53711,840.64587,1675.3291,-298.75278,819.11017,1644.57861,-278.43161,783.67194,1737.49353,-345.56677,741.90723,1740.18787,-310.97952,696.64136,1743.26855,-269.04114,677.37744
66,0.542,1730.07886,-356.57605,833.21753,1701.60608,-320.67798,838.42865,1666.44531,-298.67856,817.29266,1637.11084,-279.89758,782.62329,1731.53638,-344.22629,741.00348,1732.18628,-308.5578,695.44928,1736.68835,-266.93039,678.71844
67,0.55,1725.57361,-355.9653,832.22168,1694.22363,-322.2001,837.45673,1658.3031,-299.58237,817.59814,1627.80054,-280.35498,782.24005,1724.67139,-345.13864,739.99237,1724.24988,-307.60944,695.50641,1729.06274,-262.99655,678.89368
68,0.558,1718.48743,-355.80206,831.76001,1686.08252,-321.93555,837.65948,1649.41443,-300.46912,817.23187,1619.22314,-281.09897,782.13165,1716.15283,-344.55823,739.03436,1716.56763,-306.41565,696.17139,1721.03442,-263.00977,680.12634
69,0.567,1709.0415,-355.6593,831.73303,1673.3241,-326.14255,836.22552,1644.85657,-300.03394,815.95166,1610.68835,-281.1088,780.69464,1707.51038,-343.8772,737.1048,1706.93616,-305.68881,694.66327,1712.84253,-261.94586,679.93115
70,0.575,1698.99023,-355.38922,830.44586,1668.12842,-322.89542,834.74579,1635.80457,-300.06415,814.3382,1601.96045,-282.31876,778.55701,1698.78723,-344.42365,735.4245,1698.948,-305.39706,693.88641,1705.0249,-262.16272,679.07391
71,0.583,1688.34229,-357.64661,828.03552,1657.66223,-326.88904,833.47418,1626.10461,-299.64264,812.08038,1593.9032,-283.37131,777.13135,1687.67688,-345.91815,735.24615,1689.59424,-307.77441,693.4386,1694.07556,-262.88504,678.15472
72,0.592,1682.00049,-355.94608,827.4328,1653.38794,-323.98239,832.54047,1617.19592,-299.117,810.23944,1585.12036,-282.55569,774.49133,1679.53516,-349.18777,734.16949,1679.80603,-309.17279,692.54852,1684.50391,-263.92523,677.33392
73,0.6,1673.29395,-354.8107,826.80597,1642.18372,-321.61414,832.55347,1608.67932,-299.8374,807.82813,1576.79871,-283.60144,771.11041,1670.37415,-348.702,732.4975,1669.03333,-311.23724,690.69708,1673.0553,-266.48575,675.82751
74,0.608,1663.0321,-354.43185,824.07721,1633.67444,-319.66766,829.64886,1599.25891,-298.2865,805.91681,1567.4043,-283.33688,767.94757,1659.39648,-351.51282,732.47485,1658.75171,-314.32147,689.36346,1663.58447,-271.50275,672.50909
75,0.617,1652.11255,-355.60257,823.29156,1622.68896,-322.18582,828.0235,1589.17993,-298.77182,803.17114,1558.46509,-284.24921,763.97626,1648.4325,-352.7439,732.0816,1649.07849,-317.54263,687.9444,1652.42883,-274.46307,670.73694
76,0.625,1640.83899,-356.65726,822.60406,1612.15076,-323.02777,826.86578,1580.99683,-298.35666,801.6944,1549.66858,-284.14401,761.62769,1639.97351,-357.00912,732.00958,1637.56714,-321.96265,685.77295,1642.35815,-277.96185,667.53741
77,0.633,1630.90027,-355.35077,821.48047,1601.48914,-323.84448,825.56073,1568.65063,-298.35159,799.30261,1540.35498,-284.26453,758.07208,1627.98438,-359.17468,731.4129,1627.34253,-326.79364,685.13275,1631.35059,-282.74918,665.62189
78,0.642,1620.57776,-357.98969,821.19055,1592.76709,-322.63101,824.45367,1558.99915,-298.47906,798.73389,1532.4187,-283.42264,757.08728,1617.34729,-361.26935,730.95288,1615.85449,-330.25876,683.80579,1620.4325,-285.15659,662.59314
79,0.65,1610.18213,-356.24026,819.72437,1582.11865,-323.41229,823.80927,1548.9585,-299.06729,799.24438,1522.73999,-283.56644,757.51184,1605.83838,-362.75275,730.77411,1604.7926,-333.10519,683.71411,1608.5116,-290.45261,662.05273
80,0.658,1601.32251,-359.62979,819.05426,1571.42615,-325.5249,823.98523,1540.24695,-300.14163,798.84424,1512.83777,-283.46774,758.77161,1596.32898,-362.13434,730.84326,1593.4989,-335.25363,681.33795,1598.16394,-293.44061,659.59375
81,0.667,1593.01819,-360.50171,819.37476,1563.19934,-324.77368,823.63538,1529.24231,-300.51205,800.16797,1501.63965,-283.08508,759.41827,1585.5896,-363.4375,730.1369,1582.13867,-336.65891,680.48102,1587.21338,-294.45474,659.6853
82,0.675,1582.99792,-362.33472,819.13715,1552.89771,-326.26581,824.25317,1519.34937,-301.81226,800.57452,1491.55591,-283.32291,759.94861,1573.98804,-365.30161,730.34119,1571.80225,-337.3685,681.35406,1575.05237,-294.32922,660.22736
83,0.683,1572.55627,-364.30865,818.75244,1539.97583,-329.60236,824.34607,1508.32349,-303.4328,800.90186,1480.41394,-285.70673,759.81171,1562.72473,-365.48642,729.31232,1561.36353,-337.22067,682.67377,1563.52625,-293.99838,659.92889
84,0.692,1559.81726,-366.61719,818.98822,1532.026,-329.39618,825.12946,1498.79517,-305.21866,801.53326,1468.93115,-287.10312,760.78033,1551.77844,-367.18042,729.33466,1550.5769,-337.01923,681.9234,1552.02087,-293.12814,660.23218
85,0.7,1551.44214,-364.47604,819.10193,1515.55042,-333.71326,824.71564,1486.62976,-307.73633,801.76056,1457.37207,-289.6846,762.81421,1543.19214,-366.83487,729.88928,1540.33289,-337.11893,682.50061,1540.81238,-293.00507,662.53326
86,0.708,1538.02698,-369.31223,821.49164,1503.10071,-336.01492,825.70544,1476.20313,-308.61609,802.81384,1448.15259,-291.83963,765.1828,1532.79675,-368.26105,730.46381,1528.90161,-335.85931,683.37903,1531.20239,-292.46127,663.91351
87,0.717,1527.93689,-369.9007,821.16553,1498.46082,-333.82498,828.47534,1463.84265,-311.40775,805.2829,1434.72375,-293.55508,766.59857,1521.39331,-369.16022,731.26923,1517.25342,-336.11197,684.71124,1520.92383,-292.25189,666.20178
88,0.725,1519.8302,-369.21814,823.74609,1489.17688,-336.03961,829.1178,1451.76453,-313.64548,806.1004,1423.07959,-295.84537,767.84344,1509.86023,-370.1575,732.0589,1506.48901,-335.88074,687.04004,1510.49219,-292.86768,668.45459
89,0.733,1504.94775,-373.01865,822.79279,1476.65186,-339.71021,830.25208,1440.203,-315.65152,808.28723,1411.34558,-297.80817,770.0304,1500.4491,-369.58981,732.72168,1496.21948,-336.4649,687.88196,1499.06189,-292.85431,671.19452
90,0.742,1493.19092,-374.24695,824.67822,1464.39709,-340.1608,831.60956,1427.87158,-317.23294,809.53973,1398.56104,-299.21957,772.00409,1488.97424,-370.13623,735.43951,1484.64697,-337.29825,690.16681,1487.58337,-293.44727,672.97827
91,0.75,1483.57373,-373.90271,826.05328,1452.61072,-340.5126,833.76654,1417.42859,-318.323,810.62311,1386.29858,-301.10065,772.97345,1476.72339,-371.8396,736.65204,1472.14209,-338.65955,690.65369,1475.69714,-293.56235,675.1673
92,0.758,1469.97229,-377.46396,828.22174,1440.50818,-342.36502,835.58759,1404.54895,-318.73618,813.0285,1374.44727,-301.75909,774.97443,1463.20251,-373.2916,738.18207,1460.48096,-339.51196,692.1264,1464.22278,-294.65002,677.45374
93,0.767,1458.60388,-377.90997,829.63574,1425.7428,-346.19135,837.3891,1393.26697,-320.21301,814.04187,1362.62146,-302.30878,776.30725,1451.21277,-374.54114,738.96466,1447.12903,-340.80865,693.23755,1446.8761,-295.61545,678.95087
94,0.775,1445.52991,-378.65463,831.89093,1414.39307,-347.08481,838.19824,1380.43835,-320.89786,814.56665,1350.32837,-304.12433,777.23383,1438.1781,-375.4429,741.11212,1436.33289,-343.74261,695.86121,1436.73645,-297.86157,679.33356
95,0.783,1435.43274,-377.88263,833.45154,1404.51672,-345.46085,839.42596,1368.89917,-320.68112,815.69708,1339.12,-304.01706,778.2981,1424.66772,-376.75473,742.08246,1423.1991,-346.00873,697.82428,1423.48169,-299.17548,680.30109
96,0.792,1421.05627,-379.74933,834.18329,1393.14758,-344.28986,841.15125,1356.83398,-320.60965,817.83447,1327.29272,-304.06201,779.08008,1411.24219,-378.70651,744.51398,1408.2605,-347.27597,698.17078,1407.8125,-301.33368,680.32471
97,0.8,1408.75549,-381.21637,835.37805,1379.07764,-344.86139,843.18524,1344.802,-320.72763,818.5379,1315.38806,-303.60876,779.91644,1398.01062,-380.48309,746.24207,1393.81616,-347.80231,699.26294,1396.5188,-304.15857,681.97559
98,0.808,1395.62488,-382.69492,837.92145,1366.92371,-347.11169,843.20947,1332.86621,-320.47177,818.88446,1303.16602,-303.83646,780.19452,1384.27881,-381.91489,747.61133,1377.75842,-350.34653,700.40985,1383.47925,-306.91498,683.01819
99,0.817,1382.47034,-383.32825,838.1026,1353.92688,-348.61185,845.09973,1321.16748,-320.38196,820.71277,1292.3855,-303.3822,781.71698,1368.65417,-384.86737,750.44958,1365.63342,-353.46048,702.55536,1369.14099,-309.21356,682.48676
100,0.825,1370.72205,-383.55081,839.80811,1342.80981,-347.62607,846.33643,1308.8689,-319.90308,822.77234,1279.93506,-302.62491,784.13751,1355.0625,-387.09714,752.1817,1350.8291,-355.4451,704.19507,1354.74951,-314.53235,683.20313
101,0.833,1359.0625,-383.4194,842.18597,1330.02966,-348.60846,848.53748,1297.53442,-319.41724,824.80768,1268.43689,-300.7348,786.00635,1341.34216,-387.78445,754.63586,1335.81287,-357.60669,705.44025,1340.83191,-315.58737,683.77899
102,0.842,1346.60168,-384.24979,843.46588,1320.48181,-346.89203,851.07727,1286.20239,-319.00995,827.3429,1258.02173,-300.29553,788.55432,1327.39807,-389.53207,755.91394,1321.76172,-360.54932,705.99255,1327.30481,-319.39661,684.55591
103,0.85,1330.7843,-387.26312,842.74469,1309.45618,-347.36267,851.80463,1275.00806,-319.21542,830.05566,1247.87183,-297.98245,792.9223,1314.5011,-390.77917,757.14386,1307.63745,-362.2001,708.61212,1314.28394,-322.13098,685.1759
104,0.858,1320.71045,-388.49054,843.84198,1297.03235,-348.79797,853.25562,1263.90491,-319.97125,832.38165,1235.55615,-296.59558,796.64075,1301.50073,-391.46558,759.11224,1293.21082,-364.23596,709.01825,1298.89575,-324.53598,685.85364
105,0.867,1308.15405,-390.00803,846.04462,1286.46326,-349.72888,855.38025,1252.76343,-319.30777,835.65619,1223.59521,-296.35944,799.98828,1287.83984,-392.75711,761.0105,1281.02808,-364.85852,710.6582,1284.63062,-325.38177,686.26123
106,0.875,1296.2522,-391.5491,847.39386,1274.73523,-351.12537,856.39221,1241.82629,-321.39392,837.14325,1213.1969,-295.99823,802.90106,1275.06067,-393.07224,761.87836,1266.95642,-367.51868,712.45306,1271.90588,-327.38406,687.00336
107,0.883,1284.21143,-393.4935,849.15002,1262.82971,-350.97751,858.69623,1231.49304,-321.22684,838.3277,1201.7511,-296.39392,805.76642,1263.77612,-395.34952,763.61078,1253.30701,-367.47424,714.33319,1260.05884,-328.15143,687.85138
108,0.892,1273.02112,-393.70325,849.99213,1251.65686,-353.86343,860.24512,1219.31018,-323.67731,840.80847,1190.16541,-297.60815,807.27917,1249.80676,-395.39212,764.1568,1242.74988,-369.1492,715.11957,1248.33704,-328.85086,690.17151
109,0.9,1262.13708,-394.87067,851.49353,1239.53687,-355.23984,860.92181,1208.30774,-324.13803,842.95605,1177.80481,-299.29178,809.84808,1238.56372,-396.29407,765.2395,1230.57141,-368.69781,716.42133,1236.6543,-329.11185,690.87689
110,0.908,1249.94958,-395.9097,852.23254,1228.26282,-356.46951,863.19153,1196.03882,-324.60175,845.16956,1165.9165,-300.1579,812.56805,1229.10083,-396.64804,767.02234,1219.78894,-368.4118,718.60388,1225.36633,-328.99799,692.02325
111,0.917,1238.38428,-397.22113,853.63361,1217.78284,-357.26776,863.26483,1185.10364,-326.85855,846.99615,1154.13123,-303.25464,813.19385,1216.72278,-398.19943,767.86938,1209.375,-369.53415,719.55768,1214.80811,-329.28564,693.79858
112,0.925,1227.53369,-398.00711,855.5108,1206.96484,-359.22736,865.15881,1172.8335,-327.79782,850.07941,1141.92175,-303.24539,815.32544,1205.91638,-398.16959,768.56189,1197.52161,-369.77979,720.44873,1203.65735,-328.90588,695.6427
113,0.933,1216.38342,-399.97858,855.83203,1195.23889,-359.64883,867.44409,1160.65674,-330.90137,850.01819,1130.44714,-305.48987,817.13733,1195.12158,-398.0199,770.54559,1186.94482,-370.28391,721.29443,1192.58325,-329.31363,697.04065
114,0.942,1206.18542,-399.77579,857.3902,1183.3595,-361.07227,867.66254,1150.43469,-331.87436,850.85895,1118.66809,-308.10129,818.3548,1185.17017,-399.71298,771.29999,1177.18555,-369.89264,722.3623,1182.59253,-329.06326,698.66339
115,0.95,1194.65698,-401.31442,858.1676,1173.35803,-362.14713,868.62976,1137.71118,-333.87323,852.85095,1106.71765,-308.94324,820.32489,1173.9856,-400.38461,771.12341,1167.3584,-369.80804,723.7287,1171.27551,-328.72464,699.99609
116,0.958,1184.38672,-401.0083,858.8717,1161.81226,-362.04419,870.75049,1127.94299,-334.14334,852.36481,1094.60999,-312.38565,821.21484,1163.47693,-401.13385,772.36133,1156.09119,-370.6326,724.71606,1161.05847,-329.42041,700.62921
117,0.967,1174.21985,-401.97003,860.59564,1152.01941,-362.7756,870.39215,1116.42065,-336.27112,854.35254,1083.48108,-313.30893,821.63049,1153.32446,-400.09714,773.89056,1144.42908,-371.2117,726.3302,1150.79309,-329.54514,702.24127
118,0.975,1164.61133,-401.40463,861.35583,1139.78223,-364.20898,872.59888,1105,-337.81128,855.78601,1072.67395,-314.20102,821.39502,1141.59033,-400.35736,774.48474,1134.36414,-371.57825,727.91321,1139.60278,-329.53696,704.00732
119,0.983,1154.10034,-402.57846,861.87946,1131.42578,-363.31787,872.73901,1094.71863,-336.44485,853.51526,1062.18726,-315.62143,821.4328,1132.12415,-400.28555,775.89441,1124.48889,-371.42685,728.48859,1129.2489,-330.52722,704.46667
120,0.992,1143.40149,-402.39468,862.82495,1120.88855,-363.1268,872.98492,1085.23633,-335.61737,853.18457,1051.6394,-316.83087,820.97681,1122.15149,-401.98807,776.50952,1113.39233,-370.82962,729.01361,1117.70496,-330.797,705.98419
121,1,1135.81384,-402.92703,864.36383,1111.521,-363.97809,874.52069,1075.10461,-337.25955,853.74274,1041.64539,-315.84171,820.20264,1110.97815,-401.96359,777.22589,1102.04529,-371.77228,730.55768,1106.12854,-330.99112,706.13116
122,1.008,1124.22632,-403.5148,863.43646,1100.80139,-364.04825,874.48895,1064.56323,-336.58957,853.17017,1033.78064,-317.05356,819.63043,1100.69849,-403.6637,777.73743,1091.75513,-372.7493,730.47699,1096.80664,-332.48819,706.70667
123,1.017,1117.77466,-400.20322,863.08087,1090.22839,-364.29611,875.36328,1055.65002,-336.42349,852.56586,1023.92755,-317.24863,818.8847,1090.84998,-403.13004,779.01471,1081.14526,-373.98541,730.73602,1085.78003,-333.3367,706.88519
124,1.025,1104.42053,-402.25009,864.82092,1081.42578,-363.55408,875.06128,1046.73169,-335.30228,851.83398,1014.36218,-316.80328,817.30853,1081.11536,-404.58694,779.68225,1070.41785,-374.22775,730.82928,1075.89966,-334.35336,706.30634
125,1.033,1097.28967,-401.76529,864.91223,1073.49451,-362.37589,874.63092,1037.18091,-334.81131,852.16028,1006.45294,-315.54987,816.21185,1071.86353,-404.49991,780.35156,1061.66357,-375.01358,731.62457,1064.99963,-334.46307,707.14282
126,1.042,1087.40564,-401.21506,866.03204,1063.43494,-361.6391,874.84686,1027.80847,-334.3703,852.25543,997.93457,-314.82547,816.39679,1061.97424,-404.8988,780.68243,1050.96118,-375.3295,732.07007,1053.89111,-335.67422,707.00757
127,1.05,1078.21826,-401.39047,865.48059,1054.86621,-362.89444,874.9671,1020.19739,-332.48306,852.1969,990.34528,-313.14117,815.95996,1051.69458,-404.83115,780.33893,1041.57678,-376.25513,732.62268,1044.14758,-337.08536,707.71936
128,1.058,1069.76477,-399.89505,865.24994,1047.08862,-362.34909,875.89441,1011.08643,-331.76773,852.086,981.05676,-312.25168,816.15948,1042.9259,-404.84048,781.56842,1031.67126,-377.74286,732.49493,1035.12537,-338.66684,707.16461
129,1.067,1061.13562,-400.39948,865.4718,1038.67932,-361.45059,874.49792,1004.09235,-330.56186,851.62946,973.84869,-310.95456,815.19183,1034.10547,-405.78806,781.93085,1021.29156,-378.50635,732.92792,1024.93567,-338.19455,706.6571
130,1.075,1053.15906,-399.37189,864.453,1030.7677,-360.37546,874.16766,996.09448,-330.00613,851.19293,965.68683,-309.44333,815.36139,1024.94946,-405.82312,781.60016,1012.6369,-377.89972,732.95905,1015.86554,-338.69348,706.6712
131,1.083,1045.94556,-399.65598,863.97888,1022.59125,-359.89282,873.37878,988.84576,-330.08868,851.15131,957.2605,-308.84094,815.88062,1016.03387,-405.8374,781.03906,1003.46649,-378.17172,732.03552,1006.60645,-339.74518,706.33838
132,1.092,1037.87683,-399.70959,863.39166,1014.84369,-359.14722,873.17767,981.31543,-329.26199,851.38013,950.62469,-308.04111,815.8631,1007.67609,-405.20041,781.11938,994.68329,-379.47314,732.32019,997.49371,-340.96683,705.82654
133,1.1,1030.36182,-398.95251,863.31427,1008.67651,-357.87134,872.26257,973.05688,-329.2572,850.1745,943.28314,-307.44626,815.20331,999.99658,-405.62607,780.38379,986.72314,-380.29843,731.36353,989.30725,-340.04782,704.20428
134,1.108,1023.69934,-398.52106,862.01593,999.76868,-358.52319,872.15729,966.00244,-328.9248,849.81512,935.6958,-306.45941,815.25677,992.39801,-406.01627,780.15704,979.60956,-379.4296,730.49359,981.48645,-340.41187,703.95325
135,1.117,1015.46179,-397.1163,860.90778,993.48047,-357.40842,870.84576,958.79272,-327.13251,848.80688,928.15118,-305.32065,814.64557,985.03949,-405.39383,779.16614,971.33984,-379.55548,729.48114,973.65808,-338.99774,702.94489
136,1.125,1007.88934,-397.49481,860.28693,986.7818,-357.16238,869.68823,951.64209,-326.49896,848.63519,922.05157,-304.99072,814.51477,977.15167,-405.66745,778.10931,964.45062,-379.61304,728.57379,968.06555,-340.14328,701.68036
137,1.133,1000.77722,-397.42148,859.7981,979.40271,-357.25058,869.474,945.83374,-326.44479,848.06427,913.47784,-305.0477,813.18903,971.29895,-404.77896,776.56049,957.43176,-379.05975,727.7735,961.88226,-340.01889,699.61139
138,1.142,994.52344,-396.82169,859.0575,972.74432,-357.15497,867.13922,938.37311,-325.30945,846.1394,906.11865,-305.16647,811.70111,964.44592,-403.8031,776.12799,953.32446,-378.91553,726.44403,955.89807,-340.57016,698.1488
139,1.15,987.38574,-396.09995,858.27435,966.56494,-356.65192,866.01746,931.74902,-324.98151,844.62195,900.41132,-305.20682,810.2876,958.4743,-402.87619,774.49976,945.91205,-379.64917,725.53857,950.93475,-339.84619,696.53937
140,1.158,981.4754,-395.71201,857.68921,959.82684,-355.09528,865.15234,925.82648,-324.86053,843.69751,894.41589,-305.31628,808.73212,953.79913,-402.34998,773.97156,942.81812,-378.84485,723.77576,946.49371,-340.72305,696.05762
141,1.167,976.0448,-395.0032,857.25037,953.41559,-354.73709,864.4201,920.37164,-324.79935,842.18445,887.99744,-305.86075,807.24213,948.84753,-402.53836,772.55481,938.02142,-377.86752,722.19373,940.97278,-340.63644,695.09412
142,1.175,970.57996,-392.88901,856.5752,948.14856,-353.66577,864.10931,913.63739,-326.14334,841.04169,882.30505,-306.29462,805.19495,944.67877,-401.18994,772.03082,933.1731,-379.12067,721.78845,937.11829,-339.92612,694.07263
143,1.183,965.52313,-392.90848,855.85693,942.29321,-352.69824,862.83154,907.15601,-326.06415,839.45233,876.41736,-308.18036,803.81519,940.5517,-400.98373,771.55499,929.70898,-378.11536,721.40936,933.13147,-339.92017,692.72858
144,1.192,959.24323,-392.05981,854.94818,936.4425,-351.67206,861.96881,901.69073,-325.96292,837.92877,871.42944,-308.50433,801.09418,936.46674,-400.87909,770.27435,927.20453,-377.32404,720.24664,929.29633,-338.5838,691.65771
145,1.2,956.05841,-390.33917,854.32819,931.42377,-351.44879,861.49432,896.33795,-325.11914,836.08502,865.86664,-308.55045,799.75305,933.4906,-399.49051,769.87354,922.4101,-375.62146,719.42822,926.94659,-338.28424,690.50702
146,1.208,950.23407,-389.20679,854.13641,924.39099,-352.75607,859.82977,891.32587,-324.25085,834.9447,860.65082,-308.31482,798.1145,928.98383,-398.03183,768.32922,921.07941,-376.05713,718.25433,924.33765,-337.70715,690.36505
147,1.217,947.08221,-388.67935,853.94708,918.94128,-353.98627,859.54065,885.70374,-325.11707,833.28772,855.62372,-307.48438,796.21625,926.95441,-398.41827,767.68097,918.83411,-374.30624,717.34381,921.26654,-335.65424,688.87006
148,1.225,942.40674,-387.63962,853.94513,914.22614,-351.79596,858.43152,881.133,-323.80865,833.02563,851.97498,-307.83743,794.59534,923.30304,-396.55402,767.14264,916.04828,-372.35516,716.03314,919.19897,-334.80173,688.70673
149,1.233,938.2312,-386.98044,852.49969,909.71936,-351.0206,857.90161,876.52429,-322.8736,832.15649,847.40253,-306.55655,793.29175,920.0282,-394.7019,765.46704,912.95892,-370.34213,715.25159,914.76978,-331.33063,688.2666
150,1.242,933.54248,-385.59183,852.30927,904.33569,-350.06827,856.84186,872.31335,-321.98642,830.97919,842.83398,-305.95627,792.66754,916.67065,-393.61026,764.22095,911.4104,-369.6467,714.28333,915.03577,-331.03818,687.28931
151,1.25,928.32635,-386.06982,851.58856,899.65735,-348.87152,856.2019,867.10699,-321.14355,830.05768,838.86859,-305.02771,791.81036,913.41455,-391.78003,763.84552,908.13055,-367.51901,713.53864,911.83551,-328.83444,686.27435
152,1.258,923.81952,-384.83649,851.38971,894.5498,-347.99677,855.69861,863.20068,-321.19492,828.65381,834.32178,-303.88159,789.02466,909.68958,-390.47864,763.21094,904.38379,-366.13095,712.71362,908.93628,-327.03619,684.67792
153,1.267,919.91345,-383.30994,850.92865,892.70471,-347.22406,855.45929,859.74213,-320.75781,827.32294,831.08142,-303.50568,788.41254,906.58148,-389.02161,762.87805,901.40179,-364.67938,712.64899,907.45093,-326.28064,684.81305
154,1.275,916.32117,-380.44824,850.29095,885.97754,-346.05524,854.19128,854.70416,-319.6481,826.3382,827.39502,-302.43958,786.77875,904.01965,-388.1178,762.49414,900.38092,-363.66559,712.12244,904.50525,-324.01343,684.65424
155,1.283,911.18701,-379.59329,850.60822,882.32495,-344.07672,854.89337,849.91919,-318.29947,825.92108,823.80115,-301.10199,786.24561,899.8454,-386.18506,761.74176,896.09979,-361.67657,711.93018,902.13214,-323.19232,684.59967
156,1.292,908.19116,-377.96814,849.92377,877.02161,-342.55759,854.25513,846.63879,-316.8215,825.23669,820.10895,-300.0524,784.29968,896.41302,-385.12952,762.41364,893.61414,-360.19397,712.19672,899.25171,-321.63519,684.29169
157,1.3,903.56592,-376.05127,850.2973,872.79163,-341.66068,854.32965,843.09418,-314.72891,824.48608,816.74463,-298.87106,783.57782,893.23077,-384.03601,761.95898,891.1308,-358.58859,712.15979,896.3465,-320.99683,684.47168
158,1.308,897.94183,-376.55829,850.09045,868.35852,-340.10101,854.67798,839.66302,-312.09579,823.52588,813.32819,-298.10562,782.7392,890.09424,-382.24805,761.78754,888.18732,-358.01648,712.41394,891.9975,-319.10052,685.12396
159,1.317,893.45258,-374.29965,850.02301,864.8465,-338.3548,854.09369,835.57928,-311.19693,822.07581,809.70544,-296.33139,781.52643,884.83521,-382.46942,762.521,884.56116,-356.39139,712.44659,889.15405,-318.48743,685.97754
160,1.325,889.95398,-372.8515,851.26941,860.82391,-337.14764,854.08917,831.96185,-309.64365,821.85846,807.35645,-295.51526,781.14526,882.5426,-381.37103,762.81506,882.40375,-356.51553,712.86389,887.51819,-317.17545,685.77826
161,1.333,885.81024,-372.06503,851.51636,856.23932,-335.2572,853.77356,828.32263,-309.42163,820.90045,802.83282,-295.58127,779.50287,878.77203,-379.61829,762.71185,878.82843,-354.6181,712.52545,883.82111,-316.88998,686.68842
162,1.342,881.92395,-371.52603,851.80804,851.54413,-334.29706,854.05591,823.11438,-308.65668,820.99506,798.96887,-296.05045,779.04169,875.63562,-379.53604,763.42566,874.48718,-354.90015,713.42755,879.71692,-315.9169,686.39636
163,1.35,877.10242,-371.49908,852.84882,847.30463,-333.62143,854.06128,818.8468,-308.12939,819.89716,794.77441,-295.40698,778.57947,872.48798,-377.69806,763.9834,871.3797,-352.40402,713.00781,877.10309,-314.02417,687.36761
164,1.358,872.81641,-369.80899,853.03223,843.36798,-333.37082,854.60999,814.99146,-307.99692,820.11542,790.27173,-294.67917,778.2597,868.15552,-376.82809,764.76514,868.58826,-351.66064,712.87518,873.11987,-312.90366,687.91113
165,1.367,869.68988,-369.64914,853.81628,837.80145,-332.12955,854.64703,810.78015,-308.27927,819.37659,786.10919,-295.67996,777.28387,865.05463,-377.74615,763.94598,864.07886,-350.91766,713.70593,869.32227,-312.54611,689.13824
166,1.375,864.57019,-370.02435,853.96216,832.27252,-333.21237,854.86121,804.69354,-308.34583,820.01245,781.68689,-294.50604,778.00348,861.71527,-375.71338,763.63025,860.33746,-349.98483,713.6759,866.14105,-309.72971,688.79205
167,1.383,859.36835,-368.87186,853.96686,827.89734,-333.16794,853.69452,798.22723,-309.26746,820.3548,775.01575,-295.28992,777.67084,857.97961,-374.60419,764.09686,856.22406,-348.22147,714.40894,861.57959,-308.44724,688.71002
168,1.392,855.86877,-368.99942,853.98975,822.45929,-334.31689,853.9541,793.92883,-309.11154,820.79785,769.59271,-295.47476,778.28589,853.61261,-374.13904,764.23663,854.04053,-347.84576,714.34387,857.11774,-308.31912,688.05402
169,1.4,849.29303,-368.55048,853.25983,817.76117,-333.53979,854.34717,787.85095,-310.53262,821.43036,761.89398,-297.70126,779.33118,849.82977,-373.29724,763.32227,848.59045,-345.83969,713.60608,852.06635,-306.85721,688.03375
170,1.408,844.42749,-369.48132,853.24677,811.72113,-334.59753,854.58484,780.01123,-312.91061,821.9599,755.83112,-297.04449,778.91388,845.16547,-372.43921,762.52002,844.20038,-344.40686,713.4165,847.48517,-305.68942,687.69641
171,1.417,838.54974,-370.78665,852.70813,806.32355,-336.25952,854.34827,775.30615,-312.89816,822.22742,749.85425,-298.5466,780.46527,839.79382,-371.63773,762.25934,838.55237,-343.38004,713.13916,842.60779,-303.2186,687.68286
172,1.425,833.91522,-370.32263,852.69287,800.80933,-336.82849,853.97632,767.88226,-313.22375,822.40222,743.85205,-299.86707,781.41278,834.21887,-371.41748,761.5174,833.539,-342.40521,712.60272,837.57819,-301.64658,687.90839
173,1.433,827.54999,-371.1149,851.15686,794.33905,-337.00958,852.79248,762.05798,-315.62048,821.78192,736.50385,-300.91681,780.85724,829.46948,-369.90427,761.18188,828.03503,-340.56595,712.7085,831.01978,-300.86032,687.76141
174,1.442,821.75494,-370.78973,850.97369,788.33429,-338.36258,852.91852,756.06244,-315.50705,822.10748,730.01135,-301.56491,781.03369,823.52795,-370.01138,759.18793,821.85089,-340.16675,711.61682,825.06183,-299.51154,687.32507
175,1.45,815.19312,-371.34253,850.67029,781.48163,-338.80884,853.27924,750.23383,-316.80368,821.53735,723.9201,-301.33777,780.89233,817.95966,-369.10089,758.27545,815.38464,-339.40741,711.40912,818.565,-298.20535,687.30908
176,1.458,808.10498,-372.44028,850.12598,775.6712,-339.65787,852.38477,742.63489,-317.18158,820.48065,716.26276,-303.8132,779.77539,811.23517,-369.41876,758.01569,809.89001,-338.80917,710.90082,812.22571,-298.83475,687.69598
177,1.467,802.79681,-372.12,849.19281,767.99756,-341.4321,851.21692,736.20593,-319.104,820.02228,709.47784,-304.18582,779.38519,804.10632,-369.56421,756.50458,802.85321,-337.52283,710.53442,805.70898,-296.24329,688.85492
178,1.475,793.80884,-372.66895,848.54053,760.70929,-341.80261,850.59265,728.61963,-319.55606,819.43585,701.96448,-303.88522,779.08112,797.25232,-369.31332,756.0426,796.41785,-337.60358,709.81738,797.82324,-296.29138,688.16364
179,1.483,787.1972,-373.91751,847.68878,754.09143,-341.81921,849.10046,722.60345,-319.16455,818.69098,695.24292,-306.14743,778.67053,789.48395,-369.80444,755.79022,789.20966,-338.58521,709.66797,790.0896,-296.2247,688.36261
180,1.492,779.86932,-374.82935,847.29401,746.85944,-341.2514,847.89716,714.58972,-320.28403,818.62476,688.08032,-305.97052,777.98181,781.54382,-371.27332,754.61603,781.89642,-338.70969,709.37909,782.44836,-296.48599,688.36755
181,1.5,772.82983,-374.87851,846.77911,739.41016,-341.57202,847.47534,706.91754,-320.82114,817.25781,680.74963,-306.69327,777.38678,774.36145,-371.24472,754.12982,773.74591,-339.35641,706.76501,774.00238,-296.97205,687.35724
182,1.508,764.20264,-377.06924,845.44446,731.04431,-343.7084,846.99408,698.60687,-321.36554,816.26953,672.59772,-306.41168,776.59393,765.99438,-373.62073,753.25873,764.35876,-340.47134,706.26788,765.36017,-297.68607,686.3186
183,1.517,756.22449,-376.9826,843.54822,723.03131,-343.4234,846.30444,691.13324,-320.48831,814.83582,663.6084,-307.96634,773.73083,757.81628,-374.13748,753.35376,754.68121,-341.95944,706.005,757.84155,-298.98807,685.24927
184,1.525,748.23138,-376.85114,843.20343,714.24835,-342.61591,845.66748,682.53131,-321.50684,813.68414,656.20135,-308.14151,772.18414,748.35162,-376.00192,751.94104,746.95447,-344.48203,705.32587,747.92151,-302.54205,683.89581
185,1.533,739.10223,-377.44864,842.06592,705.85248,-342.66324,844.70447,674.25995,-321.8027,812.50543,648.51373,-309.26468,770.84882,740.00195,-377.6767,751.45972,737.93439,-346.26154,704.96826,739.66797,-304.40479,683.40314
186,1.542,730.75201,-377.48526,840.77496,697.71991,-343.55823,842.87488,666.2309,-321.53986,810.22528,641.58148,-307.89188,768.41821,730.84851,-379.12949,751.24054,728.62396,-349.02429,703.63666,730.63708,-305.98737,681.04388
187,1.55,720.53595,-378.44052,840.89355,688.04626,-344.03174,841.09595,657.22382,-322.17557,808.81195,632.40393,-309.59619,766.04578,720.37433,-381.26352,750.03369,719.47168,-350.439,701.89496,722.03076,-309.34055,680.1441
188,1.558,712.27777,-377.43976,839.42932,679.33069,-344.65366,839.69806,648.59607,-322.78479,806.05963,624.10144,-310.43726,764.52307,711.9823,-382.97498,749.61945,710.64185,-353.9563,701.2713,711.69995,-312.51297,678.17865
189,1.567,702.69781,-380.27014,838.99048,668.8891,-345.61398,838.99548,639.02612,-323.6459,805.4895,615.10944,-309.9342,763.19958,702.25476,-384.55939,748.89551,700.20801,-355.31281,699.32037,701.69342,-313.53363,677.53223
190,1.575,693.73956,-380.10721,836.05414,660.14551,-346.77875,838.02399,629.4093,-324.37201,805.23315,606.54272,-309.82861,762.66638,692.70264,-386.34561,747.64618,690.11743,-358.21622,698.51654,690.39197,-318.31912,674.45789
191,1.583,683.0163,-381.70285,835.62708,651.77716,-346.85486,837.23547,618.81097,-325.25793,805.74622,596.84021,-309.71332,761.85059,682.0827,-387.71725,747.11267,680.22375,-360.57077,697.05627,682.61987,-318.76273,674.72333
192,1.592,674.32703,-383.08417,834.6333,641.10651,-349.41782,836.85773,608.21594,-326.45685,805.97668,587.51801,-309.505,762.15863,673.38416,-388.36432,744.98907,669.36401,-362.42685,696.12573,670.40356,-321.05453,671.73468
193,1.6,664.08057,-384.80844,833.80164,631.12122,-350.54343,834.9444,598.24957,-326.88531,805.91278,576.54401,-309.1741,763.43146,662.55884,-390.4549,744.55212,659.02509,-364.43561,694.49774,661.82574,-321.43475,670.66461
194,1.608,654.13025,-386.68048,832.73541,622.05792,-353.83841,834.45062,588.51227,-328.84198,805.28369,564.18793,-310.91321,765.57874,652.69525,-390.74493,742.45825,648.35223,-364.34033,692.90417,649.35284,-323.73273,669.32239
195,1.617,643.80109,-387.88217,830.21826,610.94635,-353.81863,833.47546,578.302,-329.81491,805.82129,553.27856,-311.22498,765.68213,641.01984,-392.00314,742.05249,638.84821,-364.31403,691.31769,640.75861,-324.13327,668.71484
196,1.625,633.89227,-389.42825,829.33276,600.84949,-356.1149,832.70966,567.46692,-331.93451,805.4129,542.44287,-313.96201,765.76129,630.72675,-392.08072,741.10559,627.72388,-365.66614,690.85211,629.33276,-323.40619,667.12402
197,1.633,622.33978,-391.6398,828.57898,589.30841,-358.09195,831.89954,556.90894,-332.89316,805.35846,532.40192,-314.69043,765.77179,620.62085,-393.06348,739.7782,616.79108,-365.44,690.15845,617.8244,-324.88724,666.94342
198,1.642,613.47308,-392.21582,826.55237,579.54187,-359.50772,831.95581,545.96045,-334.96371,805.30591,520.34857,-316.76611,765.46375,610.17151,-393.62692,738.80908,607.28625,-365.2384,690.13013,606.67316,-324.41745,667.22913
199,1.65,601.90936,-393.78973,826.22778,568.17169,-361.83334,832.5686,535.2439,-336.91595,806.20355,509.72507,-317.4454,766.07092,599.28638,-394.48145,738.30566,596.0675,-366.62762,690.172,596.96136,-323.83981,667.66107
200,1.658,592.02521,-394.67291,826.52777,557.14197,-362.45599,832.69226,524.61267,-337.92236,806.28058,498.46167,-319.5737,766.17932,588.21149,-395.70886,738.50171,585.66852,-366.19522,690.28357,586.96613,-323.97574,668.375
201,1.667,579.14258,-397.63202,828.67664,546.0329,-365.51651,833.00073,512.22803,-341.20642,807.21844,487.13596,-320.25464,766.86023,578.25366,-395.59409,738.30585,574.94611,-366.68417,691.05151,576.37213,-324.51721,669.55365
202,1.675,567.39978,-399.44644,828.47095,534.54877,-366.61725,833.76636,499.74222,-342.10718,806.66284,475.81516,-323.27063,767.83728,565.8432,-396.55426,739.90015,564.13385,-367.41907,691.81903,566.81689,-324.8244,669.50446
203,1.683,555.48413,-400.88043,830.39764,522.7182,-368.32452,834.44586,490.08801,-342.91061,808.25574,464.96341,-325.4249,768.37701,554.69012,-397.64282,740.83392,553.25647,-367.73621,693.14197,554.55499,-326.6232,671.09833
204,1.692,542.61176,-402.99472,832.38214,510.35199,-370.22754,836.41803,478.41748,-344.91876,808.78522,452.54733,-325.43561,769.62885,541.35498,-400.36371,741.44507,540.90179,-368.87711,694.32019,543.09937,-326.03848,673.10425
205,1.7,530.86444,-404.61597,833.62769,498.91196,-371.31708,837.64319,466.24347,-345.96576,809.45361,441.35629,-327.11252,769.81189,532.30334,-400.19629,742.65778,528.76337,-369.3215,695.72333,530.72913,-327.94098,674.50909
206,1.708,518.19031,-406.76361,834.73511,486.08313,-373.01514,838.79187,454.73135,-345.34586,811.2381,429.56717,-327.44159,771.0246,517.84399,-402.91702,744.43262,514.59259,-372.099,697.57605,518.76831,-330.26474,676.45325
207,1.717,506.41064,-405.87021,835.79706,474.41168,-372.50916,839.50275,443.34863,-346.00134,812.23016,415.25818,-330.3656,773.3996,503.68143,-405.46872,745.0448,503.28043,-373.56897,698.6123,507.90866,-331.60086,678.63287
208,1.725,493.73303,-407.27725,838.31323,461.80869,-373.64233,842.06305,431.52258,-346.198,812.82751,405.20779,-329.58267,772.91046,491.53445,-405.89301,746.82153,489.729,-374.45267,700.37732,495.37418,-332.065,679.8598
209,1.733,481.07648,-408.05441,839.94507,449.57693,-373.29123,843.04694,419.2251,-347.00043,813.26892,393.96069,-330.108,773.3576,478.21805,-408.99228,749.25055,476.05933,-377.79007,700.82538,477.80481,-336.2811,680.25232
210,1.742,466.53067,-409.69839,840.45483,437.48322,-373.92993,844.35187,407.5603,-346.85986,813.86224,382.38013,-329.70975,773.46063,461.81531,-411.5553,750.4093,461.33569,-380.13907,703.38257,464.16046,-339.02643,681.74689
211,1.75,454.56506,-411.2793,842.64941,423.84448,-375.09543,846.08167,395.58951,-347.92554,815.02838,369.69977,-331.72171,774.27429,447.45825,-413.31482,751.84656,445.67352,-384.02386,704.77228,447.75208,-342.89459,682.37036
212,1.758,441.88574,-411.92157,843.91791,412.22452,-374.10666,848.25623,383.10901,-348.19843,815.98578,357.43503,-331.77292,775.48212,432.34586,-415.9469,754.8598,430.9978,-387.42459,706.24292,434.10797,-346.28568,684.41797
213,1.767,429.11435,-412.19208,844.81335,400.26193,-375.11246,849.4718,370.95245,-348.12335,816.51306,345.38382,-332.93045,775.27899,418.44397,-419.43997,756.34839,415.70184,-389.80609,707.71619,420.62094,-349.51666,684.29755
214,1.775,415.74976,-413.55875,846.23273,388.08301,-373.9335,850.04858,358.92972,-347.95392,818.03967,333.13086,-333.22583,776.68732,402.49142,-420.52878,758.26654,400.88693,-393.23071,709.03296,404.35928,-352.66138,686.42731
215,1.783,403.36325,-414.6308,848.45966,375.56982,-375.49969,851.909,346.61597,-347.81506,819.48706,321.02231,-332.90912,778.49799,388.82367,-422.81,760.67291,385.38583,-396.6337,711.09662,389.39651,-355.83151,687.01843
216,1.792,390.87387,-415.09494,849.47382,364.51364,-375.77097,852.57404,333.3338,-348.41342,822.14148,309.7485,-332.20609,779.09277,373.85892,-425.34937,763.64032,369.6553,-399.09402,713.45789,373.17511,-358.56421,687.54883
217,1.8,378.36069,-416.59192,850.40472,351.10876,-379.30173,855.57587,321.21866,-348.48734,824.95459,297.45956,-332.72293,783.08673,360.33728,-426.89917,764.5318,354.84192,-401.83917,714.3634,358.01379,-361.505,689.08221
218,1.808,364.92023,-418.34167,851.62952,340.3606,-378.50339,856.09241,309.46338,-349.07193,827.68829,285.38431,-330.99451,785.57117,346.5769,-429.06992,767.03979,340.35254,-405.62927,716.62079,343.59946,-363.90012,690.88904
219,1.817,353.03387,-420.19104,853.86609,328.67371,-380.13278,859.0321,298.10956,-349.15811,831.32947,273.26239,-330.80051,790.53534,332.98218,-429.35617,769.40631,326.17523,-406.34235,719.03137,327.89893,-366.24686,691.99249
220,1.825,341.36255,-420.80249,855.13745,318.26178,-380.2261,860.73114,285.25659,-350.30923,835.15289,260.41452,-330.62274,795.04077,320.18689,-431.61673,771.09265,311.44485,-408.08395,720.28387,314.42145,-367.53488,693.94086
221,1.833,329.39874,-422.66302,856.52399,304.4426,-382.46429,862.00275,274.31808,-351.87466,838.08282,248.53363,-329.97308,798.76697,306.83228,-432.53207,772.7793,298.10214,-408.92468,721.88879,300.32544,-368.29419,695.38733
222,1.842,317.5361,-425.05045,857.24323,293.94586,-385.31232,865.22217,261.93533,-354.6853,842.68304,236.64148,-330.7157,803.63647,294.72849,-433.1839,773.57001,284.34238,-407.97556,723.30182,287.06662,-368.76755,696.69263
223,1.85,305.54236,-426.08102,859.45599,285.13321,-385.50336,865.75726,250.89037,-355.13684,845.53156,224.06737,-330.67258,807.66321,281.32462,-432.6496,774.57928,271.04236,-408.80194,724.20282,272.66992,-369.80835,697.63483
224,1.858,293.0116,-428.13547,860.05444,271.28409,-386.76776,868.4223,237.99727,-356.58505,848.52277,210.93686,-332.3833,811.19617,269.52118,-433.34787,774.78564,259.93646,-408.27191,726.43622,260.31085,-368.43967,698.96582
225,1.867,281.86594,-428.91809,861.64618,257.55411,-391.04797,870.49847,225.17259,-359.38959,850.50232,197.81001,-334.16147,814.82819,257.59341,-433.61191,776.92175,247.43398,-407.23087,726.69727,248.6848,-367.59433,700.21661
226,1.875,269.49487,-430.49255,862.31836,246.74011,-390.66473,871.58765,214.01851,-360.36816,852.17328,185.62234,-335.60529,817.3808,245.77808,-434.05142,777.19861,234.71364,-407.53766,727.51233,236.48566,-367.44464,701.54034
227,1.883,257.30734,-431.9223,862.80109,235.41556,-391.42545,872.71667,201.28401,-361.78995,855.0423,172.74753,-337.10419,820.16681,234.81046,-433.05099,777.30255,224.48199,-406.93802,728.3902,228.01865,-365.77786,702.76013
228,1.892,246.47513,-431.35208,864.0528,221.78108,-394.32571,874.47382,189.15294,-363.73972,856.1842,159.70235,-339.1524,822.37604,223.16324,-433.93173,778.25439,214.17894,-406.10132,729.03687,215.22839,-364.25153,705.12872
229,1.9,234.1489,-433.60419,865.24396,209.71896,-395.15399,875.28308,177.27577,-364.80698,858.79089,146.09007,-340.20535,824.45117,211.17429,-433.89795,778.15295,203.51071,-405.31039,730.00458,204.43915,-363.48917,706.4165
230,1.908,223.73367,-434.00687,866.56104,199.08063,-396.42719,876.5946,165.64299,-365.43869,859.96924,133.83124,-341.54474,826.05518,199.57358,-433.62811,778.51178,191.28893,-405.08557,730.31177,193.5732,-363.45099,707.49945
231,1.917,212.26262,-434.72195,866.77515,187.77945,-396.77295,877.13379,153.55508,-366.85623,861.0835,121.3471,-342.85989,827.23816,187.05536,-433.81537,778.83881,180.51608,-404.2713,730.75183,183.17879,-362.52408,707.40753
232,1.925,200.19133,-435.55173,867.64032,176.46584,-396.92218,877.62445,141.67636,-367.284,861.23663,109.57761,-343.65787,827.96283,177.14066,-433.33313,779.61646,170.46385,-404.00159,732.45276,172.13417,-362.1893,708.74707
233,1.933,190.19907,-433.56931,867.95361,165.67821,-396.9783,878.39093,130.30222,-368.56018,861.47992,97.49043,-345.40466,829.04395,165.98528,-434.19464,780.03778,158.22925,-403.96646,732.84125,161.13602,-362.91968,709.59705
234,1.942,177.76642,-434.51559,868.22424,154.28612,-397.39679,879.06628,119.12286,-367.93732,862.0213,85.79598,-345.69952,829.02234,154.36745,-433.50177,781.46667,146.93655,-403.11414,734.28516,149.55096,-362.22717,710.13367
235,1.95,166.58414,-434.94998,869.42053,142.67354,-396.89911,879.80731,108.24065,-368.02762,862.1394,74.66679,-346.28177,829.03583,143.46524,-434.60803,782.51379,136.37117,-404.70969,734.64874,138.56808,-363.36133,710.77179
236,1.958,155.67317,-434.20703,869.61481,132.81155,-396.99423,880.91479,97.37273,-368.15259,862.4314,64.92198,-345.71182,828.61316,131.48836,-434.0239,783.15845,125.7162,-403.78235,735.51605,126.29546,-363.92487,710.95697
237,1.967,144.9299,-434.08096,871.02539,121.02328,-396.45221,880.51581,86.66568,-366.9014,861.15009,53.99799,-346.26077,827.93219,120.60132,-434.04852,783.18921,113.74673,-406.26987,736.10815,115.83117,-364.12231,711.21283
238,1.975,133.86809,-433.89606,871.34454,110.57312,-394.78238,880.86414,76.44223,-366.86075,861.29016,42.93864,-346.61005,826.99988,108.44702,-435.35324,784.52875,102.09182,-405.57916,736.22345,104.35755,-365.37036,711.5874
239,1.983,123.80476,-433.35367,871.49445,100.69384,-395.29169,881.00677,66.41126,-365.74649,860.35065,32.7611,-346.78717,825.54797,98.16129,-435.2803,784.45856,91.18555,-407.37045,736.76398,94.037,-367.63324,711.5625
240,1.992,116.12007,-430.94705,871.85779,89.92503,-393.86453,881.46387,56.30336,-365.39468,858.35828,23.95493,-345.85965,824.1684,87.37796,-436.23471,786.48486,79.04472,-407.71469,737.47009,82.04293,-369.07629,712.25677
241,2,105.15052,-430.74863,872.25055,80.51683,-392.4621,881.03815,46.74476,-363.60004,857.72656,14.14025,-345.58456,822.89404,77.10275,-435.80124,787.19818,68.49663,-408.23685,738.11584,71.38806,-369.81488,711.53564
242,2.008,94.61205,-430.12338,872.53857,71.0044,-390.32678,880.9032,36.85529,-362.48712,857.89258,5.67046,-343.32532,821.84662,65.4483,-436.306,787.68335,56.97966,-409.76028,738.69379,60.32732,-370.21829,711.71747
243,2.017,85.15273,-429.13885,873.12494,62.57367,-389.47525,881.09924,28.07475,-361.68604,857.25482,-3.47108,-342.73456,821.73334,55.60389,-435.6456,788.82904,46.33691,-410.25797,739.00519,48.89207,-371.36823,712.34204
244,2.025,76.26348,-427.66849,872.34991,52.96342,-388.61014,881.32648,19.10205,-361.14371,857.93311,-12.24633,-341.51239,822.0791,45.2031,-437.04578,789.08459,35.74936,-411.07458,739.88055,38.23401,-372.28177,712.9115
245,2.033,65.91836,-428.44531,872.06812,44.82392,-389.02731,880.57123,10.99656,-358.37875,858.37921,-20.86145,-339.50168,823.1983,35.89156,-436.41504,789.4187,25.37425,-410.88861,740.09027,26.63647,-372.76993,712.24927
246,2.042,56.76894,-427.74719,871.91125,36.66773,-388.15695,880.67926,2.78067,-357.13153,859.01691,-28.33584,-337.72076,824.13727,26.16265,-436.25369,789.81921,15.16787,-410.28342,740.50092,16.86361,-373.68213,712.53619
247,2.05,48.98994,-426.87827,871.62415,29.42381,-385.62543,879.70972,-5.49145,-356.35931,859.09631,-37.70312,-336.02045,824.71741,16.83228,-434.88589,789.69482,5.5735,-411.03455,740.24139,6.09122,-373.55606,711.43854
248,2.058,41.11443,-426.6636,871.78961,21.61903,-384.66962,879.58075,-12.88617,-354.78238,858.67029,-45.52561,-334.3923,825.23712,7.67328,-435.15002,790.11353,-4.70293,-410.47269,740.56665,-1.39786,-372.99692,710.88763
249,2.067,33.42929,-426.021,871.42822,13.42392,-384.44711,879.59003,-20.2894,-353.73468,858.92767,-52.65522,-333.10086,825.13684,-1.0705,-434.86282,789.44086,-12.23996,-409.33548,740.66376,-10.24252,-371.66138,710.56946
250,2.075,25.26388,-425.04086,869.9502,4.92575,-384.73984,879.24237,-28.80903,-353.63968,858.14935,-61.07861,-332.5477,824.99756,-9.08098,-433.95093,789.02362,-21.81316,-408.67657,739.66858,-19.79604,-371.72894,710.74072
251,2.083,17.74469,-424.23431,869.83551,-1.9726,-384.08716,877.93274,-35.90143,-352.95261,857.83203,-68.75316,-331.63702,824.42963,-15.81182,-433.07559,789.61847,-29.79803,-408.55792,739.84277,-29.27479,-369.80374,710.23334
252,2.092,10.95832,-423.92334,868.93079,-8.84116,-382.18213,877.19543,-42.97065,-351.78549,856.77356,-75.55396,-331.05301,824.30127,-24.48511,-431.17178,788.1925,-36.99061,-408.22427,739.05359,-35.75965,-370.06097,710.88147
253,2.1,4.23984,-421.96005,868.30695,-16.43241,-381.64462,877.06305,-51.07325,-351.94016,857.4043,-82.76453,-330.03003,823.52179,-32.82755,-430.87994,787.08868,-44.28889,-406.17343,738.49927,-43.00999,-368.63538,710.96027
254,2.108,-3.26027,-421.09848,867.88373,-23.83406,-381.13699,876.1333,-57.68691,-350.80823,855.52222,-90.61008,-329.82407,822.39386,-37.77386,-430.62131,786.39307,-50.96727,-405.40823,737.83539,-49.98049,-366.59842,710.06616
255,2.117,-9.80202,-421.22491,866.50006,-29.46525,-379.05179,874.39771,-64.74606,-349.56277,854.49023,-97.24717,-329.41608,820.96265,-43.67749,-429.45724,785.26404,-58.0372,-404.55475,736.6828,-57.08821,-366.04968,708.3396
256,2.125,-16.09484,-419.61179,866.0415,-37.14662,-378.93765,874.2049,-71.00654,-348.28677,853.35016,-104.56287,-328.75967,819.84521,-49.88229,-427.81342,784.54779,-64.6858,-403.69629,735.70746,-64.52235,-365.19083,707.28625
257,2.133,-21.66429,-417.72617,864.74347,-42.43372,-376.6084,873.13159,-78.34378,-348.22681,853.72589,-110.26139,-329.03912,818.54669,-54.3716,-427.37164,783.88397,-69.94899,-402.59454,733.78015,-69.17213,-363.85107,706.21979
258,2.142,-26.19691,-415.19699,863.68719,-49.19531,-375.86722,872.52112,-83.28995,-346.57431,851.25391,-116.79053,-328.61584,817.03302,-59.72634,-426.57877,782.45703,-73.65276,-401.70035,733.36414,-73.74321,-363.60361,705.58655
259,2.15,-31.88268,-413.9111,863.12732,-54.49336,-374.06973,871.18713,-89.64635,-346.49673,850.14038,-122.19633,-328.2753,815.28925,-64.26829,-424.82281,781.99963,-78.94782,-402.89182,732.8938,-77.98923,-363.42972,704.40002
260,2.158,-36.02507,-412.94199,863.29486,-60.22461,-374.10403,871.52679,-94.99438,-346.1235,847.76953,-127.99535,-328.45789,813.52014,-68.92487,-424.38547,780.77026,-81.94987,-400.47717,731.8064,-82.31977,-362.65973,703.58881
261,2.167,-41.24877,-410.72122,862.28882,-64.71039,-371.10077,869.92749,-99.6877,-343.79733,846.5296,-133.11505,-327.2562,810.66022,-72.26884,-422.66058,780.14789,-85.41869,-399.42905,730.72766,-85.44822,-361.74973,702.99054
262,2.175,-46.02416,-409.37622,862.14905,-69.88813,-369.7262,869.43823,-105.79762,-343.27527,844.88483,-137.63239,-327.20596,808.74097,-75.87494,-421.43246,779.74371,-88.81879,-398.04459,729.92041,-88.70721,-360.41132,701.45758
263,2.183,-50.76525,-407.48892,861.60706,-74.89582,-369.05328,869.17932,-109.87218,-341.95917,842.58777,-142.25322,-326.39307,806.18542,-78.96106,-419.7756,778.57678,-91.21255,-396.98547,729.26215,-91.66004,-359.68765,700.20441
264,2.192,-54.79369,-406.60236,861.39441,-81.1827,-366.86902,867.52008,-114.71372,-340.57834,840.58484,-145.50266,-325.37518,803.22034,-82.99953,-418.45248,778.15112,-93.01639,-396.37106,727.55469,-93.32537,-358.70911,699.33862
265,2.2,-60.57611,-405.02927,861.01959,-85.2642,-365.97192,867.11652,-119.24906,-339.21115,838.20691,-149.74757,-324.78137,800.97266,-85.96784,-417.19284,777.24231,-95.31961,-394.12149,726.2063,-95.33091,-356.43668,697.63824
266,2.208,-65.70792,-403.17523,860.43304,-89.87835,-363.84137,864.88843,-123.69855,-337.36575,836.52002,-153.93234,-323.73584,798.34888,-87.78117,-414.55389,775.58649,-98.04881,-393.28555,725.07831,-97.64082,-355.17438,696.51923
267,2.217,-68.73863,-401.22302,860.1593,-95.49587,-361.92361,863.29224,-127.41235,-336.36096,834.38654,-157.09811,-321.83704,795.6734,-90.35941,-412.64896,774.86548,-99.17277,-390.7749,723.49164,-98.77177,-352.4761,694.49493
268,2.225,-72.95677,-399.32724,859.47101,-100.22626,-360.80194,863.16016,-131.62077,-335.45276,832.25787,-160.36758,-321.00919,793.30786,-94.07382,-410.33932,773.06238,-101.44358,-389.9527,721.18982,-100.00925,-351.66281,693.86481
269,2.233,-78.22592,-397.7966,858.21161,-104.14072,-358.85959,861.05145,-135.37949,-334.35336,830.62,-164.46655,-320.0939,791.40472,-96.35522,-408.48785,772.36292,-103.70516,-388.31943,720.70465,-100.64326,-349.28238,691.98511
270,2.242,-82.53347,-396.08533,857.4549,-108.44762,-357.31357,860.06726,-138.99007,-330.88766,828.43866,-167.37692,-318.72681,789.19354,-99.33167,-406.27499,770.38568,-105.56645,-384.64838,718.69751,-99.90662,-347.55466,689.67352
271,2.25,-86.73737,-395.4162,857.01178,-112.46327,-355.77057,858.88745,-142.55853,-330.0401,826.82758,-170.23448,-315.59293,787.15015,-101.55174,-404.17786,769.14386,-106.33514,-382.83578,717.59351,-101.43338,-345.74365,689.04163
272,2.258,-91.22092,-393.51962,856.0473,-117.04458,-354.20428,857.91553,-145.86063,-328.05472,825.44647,-173.96634,-314.43259,785.81445,-104.84241,-401.79169,768.19202,-107.87699,-380.23022,716.47467,-102.62735,-343.34091,688.51379
273,2.267,-94.36974,-391.66092,855.72192,-120.54595,-351.68491,855.93683,-149.33629,-326.99753,823.61481,-176.51955,-313.03271,783.49207,-106.75819,-399.94501,767.53729,-110.32637,-378.98126,715.25049,-103.18401,-340.86655,687.30627
274,2.275,-97.78449,-389.08185,854.05011,-124.63871,-350.71927,855.46826,-152.84091,-325.75983,822.12347,-180.43219,-312.23108,782.34473,-109.87148,-398.04199,766.47046,-111.48083,-376.1731,714.6861,-105.45499,-338.03055,687.25476
275,2.283,-101.51592,-387.9697,853.5498,-128.05594,-348.86697,854.84381,-156.0168,-324.21442,821.79675,-182.04117,-310.57959,780.89368,-112.42455,-396.50809,765.65558,-113.35569,-374.36038,714.3714,-106.86269,-336.67624,686.00861
276,2.292,-105.58545,-386.70721,852.93341,-132.52119,-346.96085,854.60925,-159.85963,-322.64453,820.29749,-185.86417,-310.0054,779.9281,-114.59783,-394.90967,764.11414,-116.08452,-372.94012,713.96991,-108.97802,-335.62567,686.68622
277,2.3,-108.7682,-385.7764,852.88617,-135.3345,-345.95865,853.38275,-163.19234,-321.62521,819.63055,-188.75136,-308.73648,778.14941,-117.10433,-393.9014,764.41187,-119.0443,-370.60971,713.59863,-110.92187,-332.99994,686.57318
278,2.308,-112.15691,-384.36404,852.18597,-139.07297,-344.59332,853.53094,-166.31876,-320.99835,819.24854,-192.46608,-307.83603,777.40698,-120.67274,-392.65411,763.76984,-121.19069,-369.16083,712.9679,-113.67493,-330.19473,686.60693
279,2.317,-115.60993,-383.66193,852.22101,-143.45511,-344.23688,853.164,-171.48663,-319.0257,818.5791,-195.53516,-307.22397,776.39191,-122.48134,-391.21179,763.40961,-124.19207,-367.66971,712.4646,-116.68718,-328.32529,685.86713
280,2.325,-119.24555,-382.24893,852.19226,-147.3736,-343.67694,853.04865,-174.80392,-319.39621,817.58459,-199.89297,-307.14569,775.83911,-124.69978,-390.38977,762.81689,-126.03432,-365.28491,712.12085,-119.71172,-326.80991,687.01544
281,2.333,-122.31155,-380.62582,851.89404,-151.2903,-342.56796,852.18182,-179.13017,-318.94705,816.6496,-203.21405,-306.61502,774.96002,-128.59691,-389.20633,762.82782,-128.85747,-364.21146,712.28632,-125.4741,-324.95105,686.65692
282,2.342,-126.32687,-379.19171,851.00446,-155.53976,-341.80701,851.83301,-183.43584,-318.58685,816.02185,-207.82791,-306.27252,773.60394,-131.64827,-388.11948,762.23218,-131.70244,-363.6246,711.95258,-126.32704,-322.92499,687.68115
283,2.35,-130.27614,-378.91403,850.79999,-159.63412,-341.59958,851.81,-187.66229,-318.7048,815.27374,-212.03568,-306.84933,772.95032,-134.35393,-387.13531,762.09973,-134.3576,-362.17322,710.92432,-130.2581,-321.354,687.79663
284,2.358,-134.24582,-378.43011,850.5412,-164.45906,-341.14093,851.37244,-192.24097,-318.4635,815.01929,-216.43143,-307.34967,771.96692,-138.01154,-385.88766,761.90955,-138.32372,-361.23627,710.91687,-133.39079,-318.91275,687.62817
285,2.367,-137.91508,-377.98517,850.35864,-168.39606,-340.33035,850.9931,-196.87532,-317.93423,814.6142,-220.87856,-307.08603,771.86761,-141.05481,-385.01404,761.79321,-142.02333,-359.56946,710.79456,-138.84219,-318.10767,688.06317
286,2.375,-142.17633,-377.74103,850.36694,-173.44017,-340.77728,850.50085,-203.40392,-317.7767,814.70337,-226.84177,-307.65469,771.22919,-145.23468,-384.82355,761.64215,-145.72279,-357.74478,710.9873,-142.30867,-317.4588,687.68188
287,2.383,-146.25426,-376.20074,849.8172,-177.50554,-340.26776,849.97028,-207.89825,-318.42841,814.52869,-232.04439,-306.50839,771.75336,-149.00873,-383.53275,760.23425,-149.83411,-357.36694,710.05682,-146.72458,-316.45758,686.67944
288,2.392,-151.34827,-375.8963,849.5675,-183.14967,-340.09317,849.2395,-213.52826,-318.70001,814.88159,-237.34766,-306.66415,771.80792,-152.7318,-382.58392,759.75397,-153.95468,-356.40607,709.55664,-151.47775,-314.82422,686.67932
289,2.4,-155.49785,-374.15601,848.39429,-187.90822,-338.97345,848.90619,-218.68211,-317.99292,814.4259,-242.17358,-305.39832,771.58417,-157.67764,-381.11154,758.62988,-158.84636,-355.19455,709.10913,-157.64049,-313.60666,685.62421
290,2.408,-160.1387,-374.39069,847.73041,-192.78406,-339.93259,848.32648,-224.01961,-318.05344,813.96112,-248.20821,-306.53995,771.83301,-161.87526,-379.93716,758.12286,-163.04921,-353.47211,707.85632,-161.8609,-311.04218,685.1391
291,2.417,-166.26366,-373.62933,846.88855,-198.73749,-339.78452,848.04163,-230.26855,-317.82965,813.91455,-254.47929,-306.13171,771.58075,-166.17236,-379.41623,756.85645,-168.16553,-351.52426,707.40662,-165.85327,-309.81662,684.49396
292,2.425,-171.07468,-373.23676,846.38098,-204.44247,-340.314,846.97192,-236.1295,-318.89471,813.80316,-259.75165,-305.43793,771.43976,-171.73642,-376.97018,756.20514,-172.54915,-349.18527,707.17987,-171.19998,-307.81555,683.33276
293,2.433,-176.78384,-374.40915,845.6474,-209.84949,-340.37643,846.62567,-241.37228,-319.5152,813.03998,-265.74127,-304.79495,770.63232,-176.5056,-376.76456,755.3526,-177.39734,-348.0882,706.43976,-176.08641,-305.43066,683.33441
294,2.442,-182.34122,-373.59189,844.51459,-216.66608,-341.17426,845.88855,-246.94376,-318.05823,812.10077,-272.53635,-304.57361,770.91931,-181.31017,-375.58627,753.78302,-182.30894,-346.54303,705.08191,-181.63551,-303.37909,682.69098
295,2.45,-188.72281,-373.84003,843.29791,-223.56169,-340.87405,845.22015,-253.63197,-318.36588,811.44348,-277.60226,-304.47922,769.5744,-187.33368,-374.1868,752.62946,-188.94963,-343.8591,704.45416,-187.25647,-302.65591,682.28455
296,2.458,-195.01254,-373.13696,842.88434,-229.36902,-342.02435,843.70343,-259.68036,-317.56802,810.1676,-284.21063,-304.71478,768.81329,-192.78705,-372.84122,751.41644,-194.30592,-342.14609,703.53113,-192.13477,-299.95703,681.89294
297,2.467,-201.29292,-372.38705,841.72296,-236.80914,-341.29626,843.43921,-265.95349,-318.47598,809.29071,-291.57379,-304.36707,768.08582,-199.34781,-371.88748,750.36023,-199.78738,-340.34442,703.18683,-198.58257,-297.63193,682.40063
298,2.475,-208.78587,-373.6412,840.35547,-242.67867,-340.85645,841.65942,-273.18085,-318.34976,808.40845,-296.98798,-304.10611,766.81097,-204.66139,-370.20898,749.03198,-205.21974,-339.15753,701.98615,-203.25848,-296.36017,681.63037
299,2.483,-215.45924,-372.53778,840.05341,-250.39331,-341.59521,841.2265,-278.75766,-317.73218,807.32056,-304.95117,-303.6904,766.22723,-211.29187,-369.30389,747.57678,-211.72778,-338.38464,701.85809,-210.39302,-295.55478,681.21222
300,2.492,-222.11017,-372.44666,838.26324,-257.53378,-341.88684,839.71716,-286.55533,-318.13553,806.23651,-310.74652,-303.08884,764.59515,-218.06224,-368.42355,746.78003,-217.06273,-337.49887,701.03326,-215.16061,-293.82962,681.03656
301,2.5,-230.35388,-372.72885,837.46661,-265.64035,-341.67874,838.37488,-294.50296,-318.0011,804.74988,-317.72125,-303.0596,762.09369,-224.58708,-369.07724,745.49768,-224.86523,-336.28464,699.6051,-222.39392,-293.83414,680.42847
302,2.508,-238.9357,-372.59772,836.20685,-273.53342,-341.62399,836.75018,-301.41946,-316.78705,802.85052,-325.01263,-302.54269,760.62616,-232.7213,-368.17783,744.41986,-231.65079,-335.80643,698.85889,-229.06976,-291.80203,679.95618
303,2.517,-246.66966,-372.68628,835.27563,-281.67502,-341.89816,835.95996,-309.6499,-316.289,801.68689,-332.74747,-301.9696,759.88269,-240.81111,-368.6593,743.33435,-240.30661,-335.89621,697.67047,-236.58887,-292.31796,679.35229
304,2.525,-254.9368,-372.57391,834.37488,-289.71509,-341.52328,834.79572,-316.75861,-315.67474,799.94012,-340.26685,-301.27524,758.30713,-249.53139,-370.00351,743.03882,-247.31464,-335.70383,697.25452,-244.48375,-292.75677,678.71613
305,2.533,-263.9873,-372.91434,833.01837,-297.85419,-339.16638,833.60077,-325.56445,-316.86261,798.16327,-348.00958,-301.1633,755.31921,-258.39572,-370.1203,742.03076,-255.56447,-336.87704,695.41766,-252.15685,-293.16806,678.36108
306,2.542,-272.61325,-372.10391,831.93048,-306.71329,-339.20929,831.99298,-334.12061,-315.80179,797.12347,-356.34952,-301.27628,754.38208,-267.44315,-371.57465,740.87085,-264.48032,-337.66803,694.45038,-261.87802,-294.62912,675.57086
307,2.55,-281.96918,-373.24667,830.79352,-315.19409,-339.76324,830.66089,-343.03687,-314.40689,795.80304,-364.3042,-301.0098,752.18927,-276.31326,-371.48578,739.52478,-273.99115,-338.3938,693.52789,-271.21054,-295.41275,673.79871
308,2.558,-292.02597,-372.82413,829.77844,-324.61139,-339.08014,829.99225,-352.25906,-314.71857,794.64343,-373.09091,-299.6636,751.36548,-286.01501,-372.21353,739.13232,-284.63168,-340.75525,692.13696,-280.11542,-297.59085,672.28967
309,2.567,-301.30966,-373.83289,828.10889,-335.0354,-339.72214,829.04291,-362.02817,-314.56125,793.46576,-382.67126,-299.21582,750.97424,-295.81662,-373.06522,737.71173,-293.25409,-341.21072,691.62738,-290.00558,-299.43924,671.40216
310,2.575,-310.9509,-373.44662,827.15637,-343.91583,-339.83807,827.93726,-371.75296,-313.70419,793.2431,-392.74115,-299.02209,750.14545,-305.90137,-374.12109,736.92377,-304.49832,-343.27213,689.58478,-300.61258,-300.04874,669.96722
311,2.583,-321.21906,-374.19083,826.97595,-354.02695,-339.74142,826.8374,-382.09393,-314.61337,793.01282,-403.18176,-298.30301,749.76855,-317.11801,-374.98978,736.07391,-315.61984,-344.43143,688.04285,-310.9649,-301.55396,667.03479
312,2.592,-332.10748,-374.9256,825.14423,-364.16144,-339.84702,825.3277,-392.55057,-314.27969,792.39581,-414.58328,-298.63095,749.77899,-328.53387,-376.03644,735.09015,-324.64865,-345.33499,686.26025,-323.06833,-302.92706,665.5528
313,2.6,-342.20544,-376.12848,823.75269,-375.51349,-341.41406,825.09088,-403.24872,-315.47195,791.68463,-425.08676,-297.95013,750.32849,-339.28961,-377.15475,734.11963,-338.04562,-347.42627,685.81342,-333.48236,-305.77728,664.45837
314,2.608,-353.68353,-375.7056,822.72626,-385.43338,-340.55612,823.53064,-413.05121,-314.59256,791.45929,-434.65988,-297.20883,749.5907,-350.28873,-377.61899,733.59039,-349.87775,-348.46619,684.32898,-345.00656,-306.25043,663.61212
315,2.617,-364.95474,-376.82925,821.36896,-396.43668,-343.04004,823.53937,-425.43454,-316.40259,791.50555,-446.07346,-298.04712,749.22522,-361.91275,-378.11981,732.36432,-361.14029,-349.78925,684.09747,-356.59949,-306.86301,662.19519
316,2.625,-376.75055,-377.39532,821.25781,-407.64795,-342.25269,823.14941,-435.75995,-315.31409,790.9826,-456.74875,-297.99298,747.93518,-373.83603,-378.81989,732.05634,-373.2746,-350.51117,683.8761,-368.93744,-308.2688,661.31018
317,2.633,-388.05411,-377.55777,820.62531,-418.79385,-343.21936,823.39813,-447.04248,-316.78217,790.99066,-467.92343,-298.7789,747.12958,-385.61642,-379.15106,731.21185,-385.00372,-351.52026,683.22809,-380.11057,-309.25671,660.95728
318,2.642,-399.69666,-379.53906,820.91956,-430.78998,-344.26016,823.03607,-458.0795,-316.83014,790.46204,-479.22485,-299.48608,748.13654,-397.92026,-380.09842,732.0246,-396.29059,-352.01413,683.47882,-391.29462,-310.10028,660.65576
319,2.65,-412.12332,-380.6937,821.17773,-441.97183,-344.67401,823.17236,-469.54965,-317.30847,790.77325,-491.28653,-300.15869,747.36768,-409.96991,-381.00882,731.72009,-408.8147,-352.30255,683.05157,-402.98419,-310.59271,660.99219
320,2.658,-424.09378,-381.86966,821.42719,-454.26535,-345.5575,823.63641,-482.31509,-319.03647,790.78894,-502.92892,-300.12262,747.91211,-422.11765,-381.77786,731.64087,-420.50244,-352.80884,683.341,-414.85367,-310.65359,661.45599
321,2.667,-437.18195,-383.27524,821.69183,-466.75439,-346.39346,824.17853,-495.09445,-319.38672,791.34161,-515.13666,-300.38525,748.8736,-434.47635,-383.21283,732.27539,-433.68967,-352.11746,684.22205,-426.78171,-311.04196,661.62335
322,2.675,-450.1734,-384.35498,822.92902,-479.5282,-348.12869,823.96442,-506.44107,-320.04837,791.58234,-527.42072,-301.48007,749.71967,-447.98444,-383.62933,732.55194,-445.51578,-354.69244,684.60828,-438.41632,-312.58932,663.28705
323,2.683,-463.36121,-385.12054,823.39246,-492.43503,-348.55078,825.02148,-519.30457,-321.01529,791.94861,-540.83453,-303.52805,750.84277,-461.87033,-384.71933,733.11182,-459.22534,-354.89319,685.54895,-450.92493,-313.11548,664.27454
324,2.692,-477.38675,-387.87646,824.09589,-504.9512,-349.6069,825.97931,-531.96106,-321.24481,792.71472,-553.21368,-304.90897,750.53656,-475.23969,-385.81104,733.54651,-471.42209,-356.52063,686.21118,-463.40189,-314.55661,665.51727
325,2.7,-489.94174,-389.06302,824.96552,-518.47406,-350.95691,826.76111,-544.0882,-322.63965,793.49652,-565.8371,-304.37634,751.64764,-488.98062,-387.81818,734.14575,-486.02563,-358.62762,687.46454,-477.06403,-315.99496,665.77277
326,2.708,-503.76141,-390.1149,825.4046,-532.06622,-351.70416,827.01019,-557.82147,-323.82986,794.13538,-579.66052,-304.86456,751.83447,-503.64719,-389.27899,734.76538,-500.06113,-359.39984,687.6109,-491.8949,-317.46509,666.88123
327,2.717,-517.05267,-390.82227,826.0033,-545.63446,-353.43585,827.69489,-571.67273,-324.79916,794.39673,-593.42261,-306.25598,752.00378,-518.33026,-391.00613,735.73981,-514.84875,-360.97885,688.47333,-506.53098,-319.81238,667.6004
328,2.725,-531.32526,-392.57153,826.24701,-558.72003,-353.83456,829.05469,-584.82025,-325.4256,795.13812,-607.05688,-308.32056,753.07965,-532.27142,-392.10611,736.04388,-530.75079,-362.80695,688.65741,-522.93048,-320.92184,667.7746
329,2.733,-544.89453,-393.31213,827.4552,-572.35291,-355.65948,830.29291,-599.02362,-327.453,796.49615,-620.90588,-309.59073,754.13843,-547.8656,-394.5083,737.50854,-546.00586,-364.70563,690.30743,-538.42828,-322.19635,668.44666
330,2.742,-558.33606,-395.26236,828.41235,-585.69525,-355.68948,831.14618,-612.83514,-328.53268,797.83142,-634.67346,-310.99512,756.22998,-563.41138,-395.04382,739.35553,-562.31769,-367.04739,690.31866,-555.41412,-324.91235,669.53925
331,2.75,-572.72894,-396.18265,829.72565,-599.1687,-356.28442,831.88239,-626.72955,-328.30328,799.0896,-648.66797,-311.25128,756.91443,-578.11499,-398.46713,740.74878,-578.3197,-368.62878,691.2052,-573.02295,-327.86008,670.20685
332,2.758,-586.10663,-396.51752,830.18127,-612.4884,-357.46713,833.909,-640.19739,-329.0708,800.91718,-661.93402,-311.97208,758.7121,-594.04028,-399.45331,741.81775,-596.08093,-371.21863,692.79834,-589.61517,-330.08884,670.24347
333,2.767,-599.27026,-398.07889,831.88812,-626.3717,-359.66266,835.81213,-654.6969,-330.16989,803.42523,-677.00751,-312.39017,761.94055,-608.15656,-402.73944,743.10632,-611.5697,-372.9632,694.64307,-606.35687,-332.52655,671.61182
334,2.775,-612.95667,-399.21091,833.07495,-638.62366,-360.95654,836.47125,-667.90497,-330.54654,805.67804,-691.32068,-313.31448,764.65009,-624.25769,-403.84418,745.11621,-628.17645,-376.47379,696.81964,-622.86786,-334.64746,672.52911
335,2.783,-625.70789,-400.52353,834.12354,-651.4173,-361.85376,839.60394,-682.18347,-332.23877,808.76105,-705.17114,-313.51175,767.55945,-639.55939,-405.25351,746.65466,-644.01984,-377.19638,697.51276,-640.65936,-335.90735,673.16687
336,2.792,-639.95404,-401.22849,836.15308,-665.70496,-363.37903,840.83179,-695.52887,-333.06396,811.36353,-719.52325,-314.28897,771.22168,-654.3717,-406.99908,748.29486,-660.25842,-379.64099,699.74188,-656.92548,-339.07291,675.37488
337,2.8,-652.30933,-402.61151,837.63751,-678.79974,-363.88931,842.92542,-709.10529,-334.18341,814.83923,-732.81958,-314.48145,773.96643,-668.85864,-407.63135,750.5437,-676.89404,-381.72516,701.6106,-673.1416,-340.28549,677.42993
338,2.808,-665.99963,-404.2493,838.60168,-690.86426,-364.54669,845.63855,-723.03912,-335.08777,816.92865,-748.15686,-315.37384,777.15997,-683.24548,-409.44138,752.72333,-692.00745,-382.46954,703.03082,-689.03668,-341.65146,679.46838
339,2.817,-679.65735,-404.90494,840.20898,-704.36908,-366.08917,847.4696,-735.49609,-335.4588,819.01941,-761.76361,-315.90335,779.90997,-697.92578,-410.05453,754.74493,-707.62073,-385.15555,705.06744,-704.68066,-343.17776,681.20538
340,2.825,-692.95953,-406.44864,841.99725,-717.25153,-367.12891,849.36127,-748.20605,-335.51941,821.97705,-775.80469,-316.28714,782.49597,-712.57874,-411.29694,756.74164,-722.54883,-385.47385,706.95465,-720.2359,-343.3364,683.2713
341,2.833,-706.53278,-406.94577,843.04279,-730.22473,-367.72476,851.04736,-762.09692,-336.61957,823.78595,-788.37286,-316.49213,785.06622,-727.32794,-412.27219,758.2135,-736.32971,-387.13019,709.54138,-734.35675,-345.48877,685.51367
342,2.842,-720.3479,-408.54016,846.14252,-743.87646,-367.58731,853.07391,-776.06464,-337.91794,826.83685,-802.43689,-317.73087,787.35651,-741.23053,-413.26129,760.48688,-752.07397,-387.94986,710.87561,-748.66327,-346.06058,686.22211
343,2.85,-732.82318,-408.55594,846.99945,-756.49963,-367.26242,854.77802,-788.16565,-337.56317,828.02045,-815.41321,-318.70865,790.01709,-755.27551,-413.7478,762.10773,-766.32312,-387.81171,712.52234,-762.50568,-346.30502,689.00446
344,2.858,-746.40302,-409.56992,848.00311,-768.94641,-369.10013,856.36145,-800.83258,-338.28763,830.42371,-830.2179,-318.9198,791.99359,-770.07532,-415.02841,763.57471,-779.90118,-389.22241,714.49701,-775.98053,-347.32431,690.03271
345,2.867,-759.66833,-409.96408,849.85364,-781.90088,-368.94388,857.72314,-814.56958,-339.63916,831.76306,-843.20129,-319.22318,794.3999,-783.7959,-415.48328,765.1076,-794.69946,-389.78448,715.65601,-790.3761,-347.57156,691.08197
346,2.875,-773.16168,-410.86795,851.53113,-794.76245,-369.04904,859.69153,-828.14252,-339.98019,833.72345,-857.88019,-320.25659,796.2865,-797.80249,-415.90829,767.27716,-807.71283,-390.30872,717.44421,-803.85754,-349.32394,692.24323
347,2.883,-786.10437,-411.15704,852.69067,-808.20514,-369.039,861.05573,-839.54395,-339.2861,834.53772,-869.27618,-320.4166,797.27606,-809.86121,-416.60632,768.47021,-820.75116,-391.31042,718.98273,-817.70532,-349.03824,694.1286
348,2.892,-798.65369,-411.95023,854.00659,-820.91852,-371.32275,861.75311,-853.01434,-339.97128,835.78021,-882.72211,-320.60458,799.04205,-824.4278,-417.21625,769.6546,-835.75647,-391.44067,720.82129,-830.7514,-350.9082,695.29144
349,2.9,-811.21503,-411.97824,855.26971,-833.49512,-370.88147,863.21826,-866.08331,-340.82727,837.39056,-895.53607,-321.23608,799.94226,-838.237,-418.26535,771.26727,-849.09515,-393.2688,722.19928,-845.05426,-352.20703,696.73932
350,2.908,-823.84106,-411.27502,856.48596,-846.10095,-371.39581,864.55829,-878.70746,-340.47617,838.49628,-907.98407,-321.62048,801.68567,-851.58972,-418.85706,773.06616,-862.96692,-392.59726,724.23413,-858.73291,-352.57553,698.00281
351,2.917,-836.68738,-411.84671,858.03125,-857.7688,-371.53494,866.29425,-890.19043,-340.03552,839.16003,-921.35138,-322.12933,802.39941,-864.05115,-417.70029,774.63666,-875.59503,-393.80396,725.04218,-871.84875,-353.00085,699.06281
352,2.925,-848.11316,-411.77756,858.49927,-870.32758,-371.09235,867.3855,-901.93103,-339.46246,840.01532,-933.44122,-322.59445,803.83496,-876.88843,-418.43674,775.74805,-890.23987,-393.55826,726.8916,-885.9339,-353.4902,700.22894
353,2.933,-860.79474,-411.62198,860.21692,-882.65845,-371.25211,867.90735,-914.63831,-340.51471,841.48901,-945.33356,-322.42865,804.51239,-889.12354,-417.92618,777.17993,-901.93774,-394.89294,728.08698,-898.55658,-353.21432,702.38129
354,2.942,-872.30536,-411.58893,861.27411,-892.50238,-369.53812,868.10144,-926.59845,-339.85901,841.633,-955.80157,-323.09622,804.32434,-901.97418,-418.19046,779.29535,-915.77362,-394.31113,729.57275,-911.99011,-353.03094,703.51971
355,2.95,-885.13403,-411.38989,861.86047,-903.59296,-367.60498,868.58423,-937.54053,-339.72128,842.388,-968.20477,-323.16748,805.37268,-914.82538,-419.23804,780.78406,-927.99451,-394.4736,731.58954,-922.69031,-355.48758,704.66583
356,2.958,-895.44989,-411.36389,864.11267,-915.76959,-369.46436,870.67432,-949.23987,-339.34338,843.5835,-978.97467,-322.6907,806.3252,-926.16071,-418.93658,782.22565,-942.19604,-393.75317,731.89771,-937.92419,-355.20261,705.33997
357,2.967,-906.61462,-411.08249,865.17725,-927.5033,-369.40323,872.16138,-960.43408,-339.81476,844.742,-990.48083,-322.15219,807.07318,-938.76678,-419.76141,783.17822,-953.96429,-394.43054,733.12378,-950.35846,-356.3447,706.63525
358,2.975,-918.06738,-410.37585,865.82318,-938.21808,-368.62952,873.5047,-972.02167,-339.12292,845.49237,-1001.1778,-321.25177,808.55151,-949.9939,-418.33026,784.51111,-963.13922,-395.89832,735.16638,-961.52802,-356.79764,707.46631
359,2.983,-927.61035,-410.07208,866.07898,-948.58643,-368.72385,874.29376,-982.54089,-338.6286,848.00391,-1011.00623,-319.13556,810.1911,-961.48785,-419.00775,785.40253,-975.05286,-394.55981,735.98126,-973.76904,-355.88782,708.25873
360,2.992,-937.72668,-409.43387,866.57318,-958.92822,-368.37714,875.06494,-992.00464,-337.25131,848.73096,-1021.45612,-317.76575,812.7406,-971.91248,-418.21021,785.93542,-986.95227,-394.42957,737.25781,-984.91943,-355.29364,708.48914
361,3,-948.21545,-408.66971,867.62805,-969.44061,-367.60492,875.54071,-1002.28296,-336.05499,850.92291,-1032.27905,-316.41473,814.28772,-982.43134,-417.42828,786.24829,-997.80566,-393.67169,736.83728,-996.08661,-354.45102,708.90918
362,3.008,-958.41833,-408.62375,867.36731,-978.49768,-368.10352,876.5639,-1012.72552,-334.73044,852.69531,-1041.98645,-315.29666,816.32672,-993.5174,-416.33636,787.11725,-1008.40973,-392.52689,737.76788,-1006.01428,-353.76813,709.09833
363,3.017,-967.86688,-408.65735,867.91187,-988.46637,-367.50226,876.94598,-1021.81061,-333.77701,853.35895,-1051.09534,-313.30771,817.56128,-1004.02319,-414.38544,787.13501,-1017.84375,-391.65134,737.43671,-1016.14209,-354.09131,708.91095
364,3.025,-977.19922,-408.39929,868.10052,-997.56854,-367.04913,877.28833,-1031.33057,-334.21262,853.86646,-1061.96887,-310.57605,818.89459,-1012.93628,-413.16327,786.90002,-1027.49414,-391.67035,738.3559,-1025.74963,-351.2587,709.67004
365,3.033,-985.95917,-406.03549,867.90186,-1006.84381,-365.81168,876.9566,-1039.71204,-334.66284,853.85468,-1069.79822,-311.41486,819.83185,-1021.83899,-412.36664,786.75995,-1037.16602,-388.83118,738.039,-1036.28491,-350.64539,709.62146
366,3.042,-995.75269,-405.9491,867.65332,-1015.63055,-365.12964,877.354,-1048.91882,-333.68787,853.56342,-1079.39636,-309.55777,820.14111,-1031.24744,-411.07663,787.09186,-1047.03503,-387.14059,737.39441,-1044.70264,-349.46201,709.49738
367,3.05,-1004.41016,-405.04874,868.30731,-1024.27527,-363.78595,876.98657,-1057.4696,-331.12018,854.38922,-1087.84692,-308.73154,820.05164,-1040.25598,-410.10464,787.16968,-1054.96289,-386.25378,737.96527,-1053.42151,-346.83847,710.11151
368,3.058,-1012.38098,-404.87613,867.54901,-1032.3811,-362.35397,876.63263,-1065.41858,-329.95007,853.93304,-1095.66663,-308.28452,819.5365,-1048.24561,-409.54303,786.29559,-1064.77722,-384.87363,738.19232,-1061.9375,-346.38925,709.47754
369,3.067,-1020.38458,-403.16031,867.48212,-1040.25708,-361.53592,876.28113,-1073.73352,-328.7034,853.49725,-1104.80542,-307.03448,819.71808,-1056.24573,-408.27524,785.88245,-1071.69043,-383.65601,737.67682,-1069.755,-344.66653,708.98218
370,3.075,-1028.0271,-401.6026,866.71588,-1048.84656,-360.37668,875.78326,-1082.00024,-328.4144,852.39825,-1112.46289,-305.82306,819.44147,-1064.0946,-406.11111,785.40228,-1078.87231,-382.87433,736.9118,-1076.17139,-346.54251,708.94556
371,3.083,-1035.55457,-400.45596,866.30139,-1055.90051,-359.15704,875.55829,-1089.35229,-327.93127,851.42389,-1120.25879,-306.55264,818.09381,-1072.05884,-406.48483,785.56598,-1086.68823,-382.61212,736.34064,-1084.22485,-344.60294,708.32501
372,3.092,-1042.396,-398.27264,866.38019,-1062.66711,-357.47345,874.81506,-1096.50464,-326.39102,850.53406,-1127.41174,-304.62683,816.94336,-1077.90723,-405.0463,785.40881,-1093.75415,-382.30606,736.7309,-1090.67114,-343.39771,708.27283
373,3.1,-1049.00208,-396.69907,865.58234,-1069.76318,-355.56897,874.61426,-1103.25281,-324.52731,849.44,-1134.97546,-304.52414,815.36725,-1083.90698,-405.93918,785.22198,-1098.93579,-381.5542,736.02942,-1097.58447,-344.2901,707.47571
374,3.108,-1054.49219,-394.6825,865.0589,-1075.58801,-354.04828,874.03644,-1109.63782,-322.00809,847.87177,-1141.17334,-304.7941,813.13037,-1089.65125,-404.63312,784.76996,-1104.28943,-381.66522,736.16187,-1102.54749,-343.05188,707.28772
375,3.117,-1059.68274,-393.57248,865.13507,-1080.83191,-350.67609,872.04333,-1114.74292,-321.94788,846.70178,-1147.10596,-304.83646,811.94336,-1094.42798,-404.49448,785.07629,-1109.88342,-381.23502,735.89429,-1108.02698,-343.50848,706.16547
376,3.125,-1065.5282,-391.3335,865.32269,-1087.50195,-350.28336,872.51672,-1121.12915,-320.73703,844.98529,-1153.05847,-303.88074,808.90533,-1099.79285,-403.28036,785.03802,-1114.71997,-381.01193,735.18512,-1112.31836,-342.62106,706.07288
377,3.133,-1070.2323,-388.85114,864.80902,-1092.42847,-347.7702,870.80231,-1127.26111,-319.85062,842.71582,-1158.36707,-303.66632,806.7475,-1104.37512,-402.91177,785.31268,-1118.82813,-381.02606,734.41705,-1117.35657,-344.59464,705.13806
378,3.142,-1076.04077,-386.71585,864.92499,-1097.93115,-346.26443,869.47626,-1132.11792,-318.20892,841.44147,-1163.18274,-303.8273,803.98425,-1108.9303,-401.71213,784.67804,-1122.38513,-381.67981,733.7738,-1121.64551,-343.54932,704.27008
379,3.15,-1080.24792,-385.22321,864.66187,-1102.74048,-343.7883,868.46893,-1137.62451,-315.97855,839.11237,-1167.02209,-303.12433,800.50909,-1112.69946,-400.28073,783.8999,-1126.08826,-381.4617,732.97528,-1124.8208,-342.5163,702.51709
380,3.158,-1085.44861,-382.71512,864.1239,-1107.65662,-341.04675,867.73462,-1141.99609,-314.58841,836.96088,-1171.77319,-302.51279,798.3515,-1117.36487,-399.17471,783.93109,-1129.54761,-380.49945,731.86096,-1128.33948,-342.32532,702.25403
381,3.167,-1090.22559,-380.92944,862.73999,-1112.16125,-338.82419,865.34167,-1146.22729,-312.74475,835.26575,-1175.9408,-301.22302,795.67584,-1121.03137,-398.58664,783.09851,-1133.61829,-379.96182,730.87274,-1131.14331,-341.86899,699.98944
382,3.175,-1094.15564,-379.13535,861.75348,-1117.66589,-337.14346,864.11627,-1150.93066,-311.65225,833.302,-1179.85498,-299.42047,793.0863,-1124.75952,-396.9707,781.6048,-1137.10254,-378.99805,729.47479,-1133.44324,-340.66516,698.16235
383,3.183,-1098.56604,-377.57211,860.88934,-1121.64294,-334.87302,863.61108,-1155.18469,-309.19656,831.88062,-1182.86401,-296.66052,791.01923,-1126.83679,-396.11053,779.37616,-1144.65149,-374.77927,727.58447,-1136.59106,-339.56714,696.70612
384,3.192,-1102.94006,-376.06516,859.95917,-1125.65796,-333.56659,862.09406,-1158.34912,-308.55124,829.81586,-1186.26721,-294.72891,789.40723,-1131.42712,-392.42017,778.20685,-1148.60925,-373.13055,725.87579,-1139.52905,-337.5239,694.61951
385,3.2,-1107.1571,-375.41211,858.28949,-1129.67773,-331.41522,860.55438,-1162.35999,-305.99777,828.48517,-1190.00146,-293.63495,788.34155,-1134.29639,-391.49182,776.99304,-1150.92737,-371.91064,724.27087,-1141.47961,-337.50272,692.79736
386,3.208,-1110.36951,-373.70013,857.03729,-1134.07324,-329.93695,858.66241,-1165.7804,-304.35791,827.62183,-1193.10388,-291.8139,787.07373,-1136.32251,-388.89844,775.13361,-1151.12476,-370.48956,723.18768,-1142.448,-334.95029,691.10034
387,3.217,-1114.25708,-372.17978,855.60083,-1137.4342,-328.02682,858.1225,-1169.14893,-302.53125,826.34485,-1197.28345,-290.04053,786.22809,-1139.19775,-387.38318,773.19537,-1149.28613,-369.0769,720.90399,-1144.99841,-332.6264,689.82629
388,3.225,-1117.08203,-371.298,853.88824,-1141.13464,-327.05621,857.06934,-1172.28674,-301.6524,824.86804,-1200.08398,-288.67792,785.72235,-1140.84851,-384.89362,771.32684,-1151.05872,-365.92972,718.57581,-1145.57166,-330.18167,688.26337
389,3.233,-1120.2478,-369.16434,852.43213,-1144.44202,-327.7847,855.04401,-1176.22437,-301.42459,823.97943,-1204.11987,-287.45807,785.20746,-1143.18909,-382.92004,769.36243,-1152.0249,-363.38016,716.19513,-1146.95667,-325.88333,686.45935
390,3.242,-1123.62817,-367.95813,851.48743,-1148.03064,-326.93768,853.92859,-1179.15955,-301.63724,822.95837,-1207.5376,-287.8349,784.19067,-1143.73792,-380.48013,767.6626,-1151.1936,-361.81033,715.28839,-1147.03308,-322.30829,685.45001
391,3.25,-1125.89368,-366.44855,850.36267,-1150.9082,-326.42624,853.37183,-1182.74573,-301.57236,822.70691,-1211.47034,-287.9707,782.96826,-1144.70215,-379.40594,764.68158,-1150.40918,-358.47498,713.28418,-1147.84167,-320.74353,684.82703
392,3.258,-1128.44189,-365.84857,849.39111,-1154.26538,-326.0285,852.164,-1186.52002,-301.37057,821.55896,-1215.0542,-287.7218,782.16455,-1145.78406,-377.95566,762.87708,-1152.73083,-355.05362,711.76111,-1147.22778,-315.47153,684.20148
393,3.267,-1130.24866,-365.25281,848.01422,-1156.85449,-325.66937,850.7088,-1189.56812,-301.27258,819.41406,-1218.36243,-288.86734,781.05731,-1145.57886,-376.13028,760.896,-1152.39624,-352.8667,709.72723,-1145.46985,-314.40149,683.42798
394,3.275,-1132.91162,-363.90091,846.42596,-1159.47058,-325.62875,849.81873,-1193.23364,-301.78174,818.50659,-1221.78503,-289.11462,778.81757,-1146.22559,-374.67197,760.0816,-1151.63525,-350.57687,708.47424,-1145.82349,-312.55374,682.8045
395,3.283,-1135.55579,-362.68054,845.88275,-1163.79541,-325.53314,848.85388,-1196.47876,-302.43091,817.10309,-1225.02185,-290.85419,777.50531,-1147.60034,-371.06006,757.65338,-1149.87891,-348.47516,707.40564,-1145.30103,-307.54019,681.24792
396,3.292,-1137.67358,-362.71906,845.13007,-1166.25549,-325.42273,847.54114,-1198.65198,-303.23474,814.9798,-1226.87756,-292.30011,774.61395,-1147.7489,-370.57465,756.76068,-1151.1571,-345.80984,706.43921,-1144.50842,-306.2702,680.78522
397,3.3,-1139.95129,-361.49817,844.45905,-1169.81299,-325.76892,846.0058,-1202.22253,-303.74887,813.62036,-1229.60596,-293.50888,772.30048,-1147.71948,-369.67252,755.41199,-1150.86548,-343.6488,705.5697,-1144.15405,-304.85431,680.79779
398,3.308,-1143.11963,-360.92914,843.49768,-1173.00574,-325.50797,844.96533,-1205.05371,-303.99963,810.97791,-1232.31128,-294.31699,769.66779,-1148.40637,-369.08179,754.4151,-1151.73169,-341.64883,703.72852,-1146.06885,-300.15179,679.69702
399,3.317,-1145.71631,-360.15616,842.6261,-1176.77625,-324.78345,843.98578,-1208.85669,-304.13794,809.52838,-1234.75659,-294.74142,767.04529,-1150.302,-368.31766,752.64404,-1151.20459,-339.73334,702.78076,-1145.34045,-299.97037,678.95007
400,3.325,-1149.13904,-359.13547,841.52576,-1180.0636,-324.30515,842.01416,-1211.5885,-304.21088,806.62054,-1237.28967,-295.60812,764.42737,-1150.95251,-367.14221,751.23425,-1150.47107,-339.81226,701.79675,-1146.65723,-296.15445,677.89899
401,3.333,-1151.45776,-358.53262,840.34393,-1183.27698,-325.37686,840.24805,-1215.0885,-305.01587,804.87311,-1239.51672,-296.32385,762.28235,-1153.50598,-366.37137,749.91058,-1152.19531,-338.50613,700.36859,-1148.44653,-295.22311,677.60175
402,3.342,-1154.88635,-359.33231,839.38715,-1187.73364,-324.22766,839.11261,-1218.44312,-306.00156,802.81677,-1243.14722,-296.25211,759.25739,-1155.16675,-365.84558,749.01514,-1155.07837,-336.60046,699.56079,-1149.07739,-295.27298,677.42212
403,3.35,-1159.65015,-358.96619,838.51178,-1191.40808,-325.0495,838.17926,-1222.66602,-304.9093,802.06628,-1245.87451,-295.9563,757.62726,-1157.4126,-364.53592,747.67444,-1156.20959,-336.36322,699.02972,-1150.29211,-295.48505,676.51556
404,3.358,-1162.92041,-358.04572,837.63721,-1195.76086,-324.70248,837.00415,-1225.44434,-304.13016,800.04248,-1247.21277,-294.3486,755.43292,-1160.3064,-363.92853,747.04437,-1156.59424,-336.4346,697.89172,-1150.60938,-296.23358,675.00269
405,3.367,-1166.86145,-357.82254,836.8493,-1198.16785,-323.86652,835.24109,-1229.70911,-303.39215,799.55536,-1249.9469,-292.86304,754.15503,-1162.81006,-362.64041,745.3006,-1160.4248,-335.45105,697.53125,-1155.58301,-291.88315,674.54089
406,3.375,-1170.57861,-357.34088,835.09723,-1202.30737,-324.38861,834.43036,-1233.4281,-302.54379,799.06805,-1254.41443,-290.39609,754.11194,-1165.62988,-362.17191,744.95868,-1161.76172,-335.78601,695.82117,-1157.72485,-291.63693,673.23694
407,3.383,-1173.99316,-356.98572,833.87225,-1207.40601,-324.40631,833.08911,-1237.33118,-301.20325,799.25409,-1259.35962,-288.97388,754.61426,-1170.01575,-361.05612,743.15363,-1166.20557,-332.8905,694.7608,-1161.63208,-291.02457,673.21729
408,3.392,-1178.38879,-358.50235,833.30939,-1211.76245,-323.80157,832.11719,-1242.23962,-301.58417,798.76917,-1263.82629,-287.63931,754.77289,-1173.31909,-360.48282,741.80542,-1170.16321,-331.67587,692.95148,-1164.6676,-289.87619,672.03369
409,3.4,-1184.06433,-358.01587,832.15839,-1215.64648,-324.84058,831.57556,-1246.87244,-301.11731,798.07477,-1268.42053,-286.86984,754.35492,-1177.70215,-360.70096,740.45825,-1174.88147,-331.09198,692.31189,-1169.56775,-286.49481,672.01605
410,3.408,-1188.43591,-357.61758,831.15161,-1221.13574,-324.741,830.41833,-1251.05151,-301.53827,797.41028,-1273.08301,-285.75616,754.36176,-1182.552,-359.29993,739.78271,-1178.62671,-330.33112,691.64258,-1172.39075,-286.90802,670.79297
411,3.417,-1193.08948,-356.79486,829.64783,-1226.06152,-324.73291,828.66254,-1256.48682,-301.29697,796.43475,-1278.81177,-286.04596,753.66803,-1187.79285,-359.00684,738.96185,-1183.43774,-328.87463,691.11792,-1178.33228,-286.56439,670.04944
412,3.425,-1199.28223,-358.49744,828.76746,-1231.90039,-325.63464,828.07764,-1261.58081,-301.73462,794.36121,-1284.11792,-285.56854,752.43591,-1191.6936,-358.9137,736.76422,-1188.73889,-327.99387,690.3457,-1184.59387,-283.93686,669.46161
413,3.433,-1204.85315,-358.7439,827.49316,-1237.53906,-326.76199,826.79718,-1268.80164,-303.16122,793.72253,-1290.24133,-287.02057,751.55328,-1197.09595,-359.00436,734.69873,-1193.18408,-326.77707,689.32239,-1190.79834,-283.28671,669.34961
414,3.442,-1210.05688,-359.26334,826.48889,-1243.48352,-326.59634,826.02136,-1274.92651,-304.94354,792.50085,-1296.86182,-287.74756,750.70441,-1203.12036,-355.77188,733.68323,-1199.61829,-325.11389,687.98718,-1196.24744,-279.38156,669.60132
415,3.45,-1216.77625,-359.69156,825.57538,-1250.71765,-328.07544,824.36627,-1280.62073,-304.37708,791.53839,-1302.86584,-288.34613,749.10217,-1209.22607,-356.87363,732.90759,-1202.96704,-324.84149,686.79773,-1201.38965,-280.07385,668.28851
416,3.458,-1223.04834,-359.33017,824.49426,-1256.24573,-328.34109,823.85431,-1287.46545,-304.9407,791.05902,-1309.70776,-290.1228,747.61804,-1215.64392,-357.77148,732.5094,-1214.7926,-323.4187,686.41455,-1208.91443,-281.03238,669.11755
417,3.467,-1230.08765,-361.09311,822.37909,-1263.74927,-329.39093,823.04047,-1294.37598,-306.18286,789.51538,-1318.50586,-290.85922,747.09637,-1222.09595,-357.09006,731.82379,-1219.23901,-322.93497,682.73102,-1215.96289,-277.00735,669.5954
418,3.475,-1237.05566,-361.05841,821.32428,-1271.63428,-330.79282,821.77051,-1301.99573,-307.26489,788.29852,-1324.33801,-290.46872,744.37146,-1228.61401,-357.71457,729.3562,-1226.23401,-324.17059,682.17609,-1224.12561,-278.74606,668.26691
419,3.483,-1245.0061,-361.36801,820.8255,-1279.75964,-329.49332,820.21545,-1309.79578,-306.86655,786.74854,-1331.47156,-291.95538,743.30707,-1237.40247,-358.40268,728.12299,-1235.02185,-324.27914,683.99701,-1230.82166,-279.39828,667.19794
420,3.492,-1252.98523,-362.08157,819.79761,-1287.59229,-330.39697,819.61151,-1317.20337,-307.45276,784.98224,-1337.3645,-292.01917,739.77118,-1244.92358,-359.59088,727.78583,-1242.76575,-324.96411,682.89044,-1239.39417,-279.28131,667.56464
421,3.5,-1262.26746,-363.94113,819.14478,-1295.42004,-331.12814,818.31665,-1324.66943,-307.53009,783.12335,-1345.68213,-292.46771,739.08459,-1252.03809,-360.68814,726.32288,-1249.03442,-326.237,680.43951,-1249.01672,-280.64441,666.12177
422,3.508,-1270.27771,-363.10461,817.39685,-1303.48096,-330.31723,816.63776,-1333.20251,-307.44394,781.41339,-1352.56519,-292.99551,736.45654,-1261.34314,-363.0864,725.95337,-1261.99426,-327.03772,680.50543,-1256.25842,-281.86813,665.3819
423,3.517,-1280.42151,-364.30087,816.49603,-1312.93921,-331.20444,815.54718,-1341.66528,-308.04877,779.21014,-1359.96765,-293.13864,733.52625,-1270.60425,-364.03128,725.59662,-1268.33521,-329.854,678.27484,-1262.20581,-283.68658,661.89313
424,3.525,-1288.72046,-364.34647,815.39948,-1322.29028,-332.1077,814.65704,-1349.24219,-307.92084,777.0813,-1368.01672,-293.7803,732.14624,-1281.44568,-364.89282,724.90179,-1275.72522,-332.40524,677.87408,-1272.14087,-285.47345,661.1095
425,3.533,-1298.76855,-365.10391,814.54877,-1326.88538,-332.01074,811.70795,-1357.98059,-307.60565,774.95807,-1375.49512,-293.02335,729.39484,-1289.53979,-366.11987,724.85583,-1285.47229,-334.47757,678.01642,-1280.99109,-288.19763,660.14447
426,3.542,-1308.85107,-366.31671,813.59802,-1341.35291,-331.46262,811.8808,-1365.60461,-307.35001,773.02368,-1384.02954,-293.52686,727.53369,-1299.8158,-368.19519,723.55151,-1294.22473,-336.18472,677.7572,-1290.40186,-290.92081,659.22083
427,3.55,-1319.75623,-366.04712,813.47699,-1350.96252,-331.80066,810.93811,-1375.05786,-306.66052,771.32141,-1390.20532,-293.03003,725.65839,-1309.8949,-369.64136,722.79218,-1300.67212,-338.68787,675.98334,-1299.64478,-291.94067,659.37939
428,3.558,-1330.37012,-367.9057,813.08698,-1362.53406,-332.13324,810.68494,-1385.63123,-307.00064,771.3009,-1399.38049,-292.91003,725.08997,-1319.95935,-372.10873,722.85474,-1317.82886,-339.00787,675.96063,-1309.875,-294.40036,658.77942
429,3.567,-1340.95129,-369.42004,812.73566,-1372.50574,-333.52924,810.87799,-1395.2533,-307.79465,771.62213,-1408.29663,-293.8186,724.87653,-1334.22034,-371.33365,724.36914,-1325.23621,-341.39865,675.23181,-1320.19409,-297.69638,658.34033
430,3.575,-1349.88928,-369.6423,813.08801,-1381.59839,-334.52563,811.07245,-1405.24268,-308.15204,772.01685,-1418.24402,-292.70929,725.68042,-1343.52222,-374.13132,724.58636,-1334.68018,-344.62326,676.40942,-1331.14331,-300.37042,657.10925
431,3.583,-1361.61328,-372.07364,813.70752,-1390.67859,-335.19339,811.4104,-1415.60779,-308.664,773.62451,-1429.81116,-292.15475,727.78979,-1352.20435,-375.53503,724.50482,-1346.65662,-346.71326,677.04321,-1341.08655,-302.15051,656.8299
