Frame#,Time,L.Thigh.x,L.Thigh.y,L.Thigh.z,L.Knee.x,L.Knee.y,L.Knee.z,L.Knee.Medial.x,L.Knee.Medial.y,L.Knee.Medial.z
1,0,-1090.13684,-230.64999,655.02899,-1014.3056,-271.46274,496.81039,-1007.92511,-369.1051,500.8522
2,0.008,-1080.31079,-227.36726,655.98657,-1005.37531,-268.50055,498.28192,-998.19025,-369.77643,502.96964
3,0.017,-1072.65845,-228.24542,656.54376,-996.00452,-271.06085,498.26077,-988.7691,-369.91769,504.72159
4,0.025,-1063.13416,-227.25719,656.4505,-986.36707,-269.05701,501.52597,-979.32141,-367.07108,504.75812
5,0.033,-1055.30847,-225.17473,656.09991,-976.06146,-269.24014,502.4794,-970.8653,-368.53009,506.07745
6,0.042,-1045.88953,-227.63387,655.90472,-968.17877,-268.93503,502.77615,-961.67603,-367.17468,504.90137
7,0.05,-1039.53394,-225.60672,655.32037,-958.14764,-268.57428,502.58136,-953.71259,-365.423,505.17099
8,0.058,-1033.5022,-226.59985,653.5293,-951.9035,-267.98846,501.32449,-946.96356,-366.57388,505.52017
9,0.067,-1025.24207,-224.24828,653.45453,-943.66534,-265.89474,501.37848,-939.93512,-365.25073,504.66107
10,0.075,-1018.39502,-226.15736,651.97803,-935.68036,-266.70999,501.50659,-933.9754,-366.66418,503.40826
11,0.083,-1011.23407,-223.36917,649.72968,-927.88281,-266.8201,500.68771,-928.5896,-367.82632,502.91885
12,0.092,-1003.42316,-224.10919,647.78918,-920.33728,-265.40552,499.62677,-920.02844,-365.33142,500.45544
13,0.1,-998.87311,-221.22401,645.97235,-913.3877,-265.65552,498.87207,-914.6853,-366.15158,498.94565
14,0.108,-992.20892,-223.14233,643.15057,-905.16913,-265.70877,497.41989,-909.38641,-363.92822,498.68112
15,0.117,-985.19702,-219.92929,641.92462,-899.08575,-265.5275,495.26553,-902.89783,-367.17679,497.90836
16,0.125,-979.34259,-220.54643,640.37164,-892.29486,-264.53848,494.9769,-894.72992,-361.90674,495.80823
17,0.133,-971.07379,-218.73189,638.10297,-884.51514,-264.27344,493.43784,-890.05554,-364.98114,495.83286
18,0.142,-964.01416,-218.67371,636.18146,-876.95667,-262.95932,493.543,-883.48981,-363.33411,494.38
19,0.15,-956.31128,-218.50658,635.86157,-870.23749,-264.55414,492.53305,-876.55463,-361.93985,493.02188
20,0.158,-948.71991,-216.88454,634.77368,-863.35388,-263.19104,490.11371,-870.40875,-360.25702,490.77081
21,0.167,-941.21429,-218.05182,633.0813,-856.14752,-264.09808,487.21948,-863.27173,-363.20343,488.65533
22,0.175,-933.0296,-217.53294,632.20209,-848.5957,-262.67245,487.0112,-857.25916,-362.86282,487.98505
23,0.183,-925.24756,-216.45851,631.98999,-842.14343,-263.31223,486.33624,-849.22125,-362.84415,487.31314
24,0.192,-916.94946,-215.25185,630.25305,-833.78009,-262.81497,485.24277,-843.02435,-361.87744,486.76202
25,0.2,-908.89771,-213.54785,630.99554,-827.28027,-264.64099,482.3689,-834.8476,-362.24051,486.60925
26,0.208,-901.55457,-215.07353,629.89673,-819.8335,-261.92072,481.68069,-826.64948,-360.34848,485.84808
27,0.217,-892.83466,-214.54587,630.4198,-812.3681,-264.23123,480.6897,-818.8858,-362.78735,486.42944
28,0.225,-884.14056,-216.72548,630.07349,-804.3316,-262.84973,481.47662,-810.69092,-360.80136,486.34973
29,0.233,-877.12781,-217.08281,630.6983,-796.95526,-263.0011,482.02206,-802.81201,-362.4646,486.28171
30,0.242,-867.94482,-216.27545,632.59827,-787.9165,-263.72302,482.70425,-793.89465,-360.49634,488.18771
31,0.25,-859.68091,-216.48932,635.23651,-781.15466,-262.57367,483.74924,-785.05194,-357.99561,488.13516
32,0.258,-849.41595,-217.61388,636.70959,-773.90784,-262.83447,484.55185,-777.20782,-357.13965,490.63602
33,0.267,-840.48584,-216.62907,637.64294,-768.04468,-261.50815,485.12424,-769.05365,-355.87766,491.82721
34,0.275,-831.81732,-217.55058,638.19592,-761.70746,-261.24789,485.12671,-763.47339,-353.32605,493.20566
35,0.283,-823.94177,-216.31145,640.09351,-755.14716,-261.44922,484.10669,-757.81293,-355.18042,494.10013
36,0.292,-816.87628,-213.48367,640.88824,-748.93518,-260.47528,484.24356,-753.36182,-353.71368,494.60568
37,0.3,-811.68683,-212.75563,642.66174,-743.69257,-258.63446,483.85913,-746.88422,-351.70215,494.31229
38,0.308,-804.39136,-212.39032,642.92578,-739.10394,-258.05176,484.30017,-743.16461,-353.7543,494.83191
39,0.317,-800.14978,-210.85089,643.73602,-732.94568,-259.07025,483.9903,-738.86945,-350.68454,493.90549
40,0.325,-795.31537,-207.81241,644.41223,-729.82874,-258.75082,483.75656,-735.70502,-351.61078,493.42383
41,0.333,-789.43793,-209.0788,644.96735,-726.12524,-257.95303,483.84158,-731.84546,-351.5246,493.30963
42,0.342,-784.52502,-207.52782,643.83679,-723.38647,-255.3846,484.10498,-728.28027,-348.31522,492.4577
43,0.35,-780.80585,-207.14439,644.84186,-719.77252,-256.1459,482.80835,-724.2215,-347.29996,491.64047
44,0.358,-776.5188,-205.0498,644.8006,-717.21429,-254.61006,483.10367,-724.88586,-346.7356,490.96655
45,0.367,-772.85938,-204.79691,644.68951,-714.35962,-253.67963,482.03741,-722.2981,-344.06738,490.17078
46,0.375,-769.41034,-204.71007,644.96594,-710.66565,-253.35672,482.13306,-717.74091,-343.35373,489.8819
47,0.383,-765.51959,-202.87965,644.53613,-708.89758,-251.28857,482.42435,-712.43311,-345.52475,491.57434
48,0.392,-761.93781,-202.0853,644.87549,-706.38959,-249.67131,482.14163,-712.04956,-341.67987,490.29538
49,0.4,-757.05835,-199.8947,645.11365,-704.49866,-248.53419,481.71719,-709.5802,-341.34048,490.26227
50,0.408,-753.48151,-199.98378,645.46436,-701.55157,-247.88182,482.07367,-707.10706,-341.00674,490.23294
51,0.417,-748.97058,-197.97829,646.2226,-700.83691,-246.75011,481.40341,-705.95569,-338.86826,489.26675
52,0.425,-745.53516,-197.43056,647.82593,-700.01794,-245.33168,481.48874,-703.11407,-338.12497,490.50656
53,0.433,-740.07098,-197.65536,649.05273,-697.89893,-245.33879,481.0759,-703.31927,-335.77249,490.31735
54,0.442,-738.5976,-198.08432,649.784,-696.72784,-245.04013,480.79938,-701.34369,-335.07126,490.25757
55,0.45,-733.6153,-199.30107,648.52161,-693.42975,-243.77286,481.00931,-701.34369,-335.07126,490.25757
56,0.458,-730.34558,-195.54112,649.4187,-692.8811,-243.96669,480.18863,-694.17133,-335.50476,488.98456
57,0.467,-725.1192,-197.57167,649.86194,-692.513,-243.13058,479.43561,-694.62482,-334.21646,487.91119
58,0.475,-724.44238,-196.67055,650.76825,-691.68024,-241.15494,480.30225,-690.88629,-331.23959,487.38409
59,0.483,-718.26843,-194.96988,649.88776,-691.1366,-239.54927,480.35583,-689.2464,-332.87076,487.77136
60,0.492,-714.80542,-197.47334,650.52332,-688.96802,-239.54572,479.22723,-686.57703,-330.18143,487.56351
61,0.5,-712.78558,-195.79947,650.52588,-686.21912,-239.03061,478.27371,-685.00922,-332.47269,487.8085
62,0.508,-709.64185,-194.53587,649.7149,-686.00214,-237.43355,477.62308,-684.16882,-331.36481,486.80005
63,0.517,-705.96838,-193.00838,651.15405,-685.12811,-238.26976,477.26819,-683.32129,-331.57724,487.33051
64,0.525,-703.16443,-192.58569,649.95526,-684.46851,-236.50125,477.59274,-680.17914,-329.36438,486.48145
65,0.533,-699.7226,-191.51906,651.11438,-681.5274,-238.15927,476.51984,-680.17914,-329.36438,486.48145
66,0.542,-696.25183,-193.86279,649.49329,-680.03186,-238.36954,476.3566,-677.54346,-329.79767,485.59396
67,0.55,-692.23706,-191.9926,651.36987,-676.77435,-237.96977,476.99088,-676.99237,-332.1799,485.59995
68,0.558,-688.84705,-192.57054,650.20422,-676.3429,-237.6031,476.66522,-675.23682,-330.75156,485.20071
69,0.567,-685.2196,-193.56932,649.35034,-675.31506,-238.03053,476.50436,-673.02478,-329.36276,484.31781
70,0.575,-681.94073,-192.51772,649.54846,-670.7641,-237.12961,476.4946,-671.04755,-327.4837,483.4697
71,0.583,-678.9873,-193.2258,648.19818,-670.20892,-236.87831,476.19998,-668.71777,-329.44769,483.56985
72,0.592,-674.9599,-191.19351,648.74152,-669.94611,-236.35466,476.1843,-668.28577,-331.35458,483.66644
73,0.6,-669.34882,-191.81699,646.95599,-665.37006,-237.11555,474.41211,-664.54144,-328.41794,482.16721
74,0.608,-666.71051,-190.75752,647.22137,-662.32483,-236.02176,473.28052,-663.41785,-328.23956,482.3277
75,0.617,-661.69135,-191.52077,646.38391,-662.26434,-234.75645,472.63266,-660.54108,-329.90665,482.19131
76,0.625,-658.38068,-190.60155,646.06287,-658.7702,-232.86499,472.37283,-657.78717,-330.04663,481.74506
77,0.633,-654.2619,-190.38829,645.95776,-655.84326,-234.51808,471.62286,-657.61914,-333.04144,481.07721
78,0.642,-649.48431,-190.36806,644.26031,-653.82385,-234.73283,471.18411,-651.97198,-330.62204,480.07166
79,0.65,-644.66638,-189.82423,644.63214,-651.33722,-235.02695,471.08627,-648.48761,-326.82574,479.26114
80,0.658,-641.16846,-190.07724,643.92328,-647.80048,-235.35397,470.32321,-647.14642,-327.46564,478.96408
81,0.667,-636.46802,-189.15054,643.47858,-644.88452,-235.65334,470.51584,-643.47363,-328.06525,478.44647
82,0.675,-631.8233,-189.4608,643.36603,-642.55402,-233.90569,468.73187,-639.64459,-326.04822,476.34927
83,0.683,-625.30811,-189.7585,640.78033,-640.16193,-233.7005,468.5979,-635.45209,-327.33688,476.83115
84,0.692,-621.45306,-188.40463,641.39221,-636.21411,-233.47519,466.79514,-632.79285,-327.69342,476.24112
85,0.7,-617.88043,-189.99263,639.42395,-631.8905,-233.08974,465.7583,-629.30652,-328.99609,475.98688
86,0.708,-612.25275,-189.2352,638.84058,-628.70251,-234.72223,464.5842,-625.43195,-327.72903,474.55154
87,0.717,-607.53058,-187.86673,637.64343,-623.69849,-234.55138,464.52585,-620.29913,-327.92709,473.81851
88,0.725,-602.61475,-189.77483,637.29608,-621.69165,-232.34253,463.34204,-617.28516,-327.06555,472.83536
89,0.733,-595.09241,-188.37596,635.63251,-616.21198,-233.44887,462.19327,-612.86005,-328.38303,472.39401
90,0.742,-591.69189,-187.73158,635.11218,-612.15051,-233.85283,461.13016,-608.37134,-326.77008,470.0708
91,0.75,-583.53076,-188.75764,632.85059,-609.47308,-232.89192,460.66891,-604.00043,-326.86005,469.44656
92,0.758,-579.40332,-189.25499,632.3656,-603.23108,-234.17387,459.03751,-598.67419,-326.37,468.08347
93,0.767,-572.12408,-187.67522,629.54236,-599.28619,-232.91257,458.03668,-593.76599,-326.38086,468.00192
94,0.775,-566.49445,-188.65143,628.87445,-595.67236,-231.46376,456.9671,-588.99255,-325.49988,466.8461
95,0.783,-560.44043,-186.14471,628.50494,-588.81512,-233.97626,455.87738,-583.80084,-325.79086,466.26523
96,0.792,-554.33423,-188.40958,627.34625,-584.70966,-234.64253,455.82074,-578.80975,-325.26129,464.57047
97,0.8,-547.81183,-186.37512,626.42059,-579.60791,-232.79744,454.74985,-573.46027,-325.34903,463.96576
98,0.808,-541.77588,-187.53426,625.49634,-574.81458,-230.92415,453.50006,-566.36292,-324.18137,462.91556
99,0.817,-534.40967,-185.75624,624.09143,-569.05292,-232.36023,450.57498,-561.07947,-325.43228,461.14127
100,0.825,-527.10657,-183.58928,623.44971,-562.65179,-232.61008,450.99805,-554.77679,-324.05716,460.60876
101,0.833,-520.16052,-186.54305,620.48077,-555.53723,-231.66428,450.85205,-547.8374,-324.6586,460.79138
102,0.842,-512.25354,-186.00116,619.93976,-550.54559,-230.47807,451.06534,-541.74713,-323.02835,459.03192
103,0.85,-504.8642,-184.75352,618.71698,-544.51978,-234.9344,450.09552,-535.51135,-325.10934,459.48251
104,0.858,-498.21552,-184.26379,618.1272,-537.84387,-233.52318,449.73923,-527.30847,-323.63644,457.9364
105,0.867,-489.44025,-184.10709,617.66925,-530.17456,-229.29787,448.41263,-521.47375,-323.02158,456.91754
106,0.875,-482.55173,-182.65839,618.46271,-522.5531,-229.67928,447.73114,-512.46869,-323.24567,456.44455
107,0.883,-472.9725,-185.52074,617.50836,-515.58917,-229.10699,447.28104,-503.38785,-322.05746,456.40366
108,0.892,-464.07053,-184.85086,617.48047,-506.23822,-229.57452,446.45172,-493.77859,-321.05124,456.16733
109,0.9,-455.168,-182.87163,618.64368,-495.69708,-229.17415,445.61246,-485.57584,-321.04773,455.81955
110,0.908,-443.46191,-181.47078,618.17572,-486.43854,-226.61168,446.27066,-475.33887,-321.33835,455.91916
111,0.917,-433.52267,-182.91147,618.64886,-475.41815,-224.58565,446.04654,-464.48663,-321.06613,455.93631
112,0.925,-422.4726,-181.14157,618.77533,-463.28778,-224.36073,446.77802,-453.14816,-320.46799,454.97504
113,0.933,-412.1955,-181.49399,618.91345,-450.83859,-222.03429,447.19931,-439.10458,-319.52496,454.91617
114,0.942,-400.02847,-179.61987,618.86182,-436.8623,-221.13452,445.04269,-426.59357,-318.24484,454.28714
115,0.95,-387.67505,-178.07774,619.38562,-423.06808,-218.82126,443.85895,-412.38382,-315.91467,452.42178
116,0.958,-374.76883,-177.47656,618.59894,-407.59375,-216.46107,443.62415,-396.86838,-315.48941,451.93396
117,0.967,-361.49283,-177.63579,618.8941,-392.4848,-212.55577,442.73779,-380.29279,-312.67194,449.02173
118,0.975,-347.26144,-178.34076,617.21924,-377.11087,-212.00595,443.70157,-364.03134,-310.24487,449.00494
119,0.983,-334.29382,-174.69284,618.11639,-359.83487,-207.85544,442.10403,-345.32874,-305.63132,446.46194
120,0.992,-319.69388,-173.66397,619.16071,-342.77271,-206.72934,440.4158,-328.49597,-305.85086,445.66278
121,1,-306.62958,-171.57576,618.99023,-324.72119,-204.41693,440.90436,-308.73346,-300.01895,443.25589
122,1.008,-293.06989,-172.07567,618.42615,-307.57874,-200.95836,440.35345,-289.48105,-299.29483,441.3963
123,1.017,-278.12973,-174.28439,616.86749,-289.64047,-201.51846,440.63217,-279.40436,-299.88019,441.36459
124,1.025,-265.6796,-172.85692,618.63123,-270.65363,-202.14221,440.73163,-249.99977,-297.90524,441.94058
125,1.033,-253.6483,-172.71484,619.44147,-252.68341,-201.17427,441.57449,-221.89032,-293.39111,442.71579
126,1.042,-237.30099,-169.88515,621.80261,-235.87964,-198.83745,441.8811,-218.49318,-293.92899,442.34888
127,1.05,-222.70523,-166.04558,622.771,-218.5351,-195.85912,443.63861,-207.70631,-291.54437,443.47241
128,1.058,-209.44252,-165.60855,624.00586,-202.54372,-194.56877,446.81183,-197.08438,-290.521,445.83011
129,1.067,-197.34756,-164.32553,626.51111,-183.87462,-193.93456,448.73886,-165.02821,-288.18756,448.87158
130,1.075,-182.69742,-164.30316,627.52698,-166.13211,-192.27408,451.52222,-146.18028,-289.46793,452.03619
131,1.083,-169.17113,-161.32864,631.03564,-148.20325,-191.09233,454.46286,-128.28099,-290.24329,455.63293
132,1.092,-157.2596,-161.27057,633.0874,-131.56685,-189.78452,456.84525,-112.75103,-288.23611,458.50177
133,1.1,-145.4245,-160.6958,635.57581,-114.3824,-188.21161,460.5687,-95.49574,-286.29822,461.38013
134,1.108,-133.78391,-160.808,637.93762,-97.55088,-187.89482,463.04605,-79.4248,-285.39273,465.65295
135,1.117,-121.31955,-161.4328,639.52783,-80.4549,-187.91618,467.02029,-61.84808,-285.62201,467.19998
136,1.125,-105.29269,-158.10811,643.29706,-62.6474,-187.28198,469.44131,-44.5913,-285.4614,471.43161
137,1.133,-92.60793,-156.27939,645.3562,-47.44338,-187.42564,473.61447,-30.93441,-285.10217,474.01004
138,1.142,-81.1234,-157.06935,647.8717,-32.14603,-188.17387,476.54254,-14.94435,-284.78387,477.57574
139,1.15,-68.1349,-155.69772,650.08527,-16.48781,-188.78078,480.39395,1.72908,-286.98206,482.84918
140,1.158,-56.24902,-156.13844,650.89972,-1.19846,-188.16409,484.37668,16.73855,-287.54736,486.44739
141,1.167,-46.18881,-154.26379,655.03137,12.87922,-187.78946,487.19006,29.2045,-286.65503,489.88812
142,1.175,-33.83646,-153.97289,655.71509,26.70754,-188.41676,490.42554,42.10373,-286.25909,492.409
143,1.183,-20.87803,-154.19862,657.59399,40.04844,-189.47424,492.86206,54.45512,-287.58734,496.01807
144,1.192,-11.19026,-153.52679,659.00879,53.37481,-189.48274,495.29953,67.33314,-287.24808,498.59924
145,1.2,-1.26308,-152.66232,660.37549,65.63402,-188.25021,498.45264,78.76681,-287.54529,501.17746
146,1.208,9.51706,-151.83781,662.15839,78.83755,-188.6927,500.38614,89.703,-287.4314,503.05893
147,1.217,19.90181,-153.70952,662.67737,89.39695,-189.22374,502.33582,101.32066,-288.76654,505.47903
148,1.225,30.35395,-152.59087,663.75269,101.1581,-190.82039,504.26813,110.33568,-288.00223,506.58994
149,1.233,41.00831,-151.39386,664.8739,111.61043,-190.40964,506.31232,121.37478,-290.59534,508.62994
150,1.242,50.58863,-152.44603,665.71069,121.93506,-191.39125,506.79852,130.23857,-289.67487,509.99738
151,1.25,59.21737,-151.50601,665.83759,131.57274,-190.70067,507.64166,139.11293,-289.12943,511.01398
152,1.258,68.79552,-152.34482,666.08118,141.11604,-191.18146,507.20267,147.29166,-288.91425,510.48163
153,1.267,77.27653,-151.2282,666.34149,150.8154,-190.84828,507.87213,154.63838,-289.75739,510.26547
154,1.275,85.62767,-152.70055,664.87897,158.69733,-191.78276,508.4635,162.32402,-288.93152,508.99899
155,1.283,92.90903,-150.93852,664.96466,166.58347,-191.57661,508.37384,169.92932,-288.04532,508.34912
156,1.292,101.07279,-151.92636,663.32947,175.21352,-190.95607,507.40656,176.94678,-289.07446,507.99731
157,1.3,107.46836,-151.01819,663.26923,182.81586,-189.98952,506.74277,183.93915,-289.07089,505.93854
158,1.308,115.96091,-152.17693,660.97113,191.4852,-191.2935,505.91986,189.60294,-288.49002,505.02588
159,1.317,123.7815,-150.87642,658.8526,198.43561,-190.70764,506.19348,196.89133,-289.33765,504.98132
160,1.325,127.58915,-150.57733,657.21887,206.29007,-190.28772,504.79932,202.68132,-287.76062,502.77841
161,1.333,135.12798,-150.12491,655.82574,214.22154,-190.84407,503.63574,209.19882,-289.0983,502.16312
162,1.342,141.70953,-147.33206,653.64392,221.98207,-189.8745,503.37039,215.84192,-289.04547,501.77573
163,1.35,149.40794,-145.72643,652.17218,228.93753,-189.60619,502.25955,223.34282,-290.01059,502.17596
164,1.358,156.9933,-144.62656,650.88611,235.8259,-189.8215,501.75461,232.13448,-288.5257,500.86496
165,1.367,161.98552,-146.56361,647.49243,243.39619,-191.34018,500.95914,236.25157,-288.96671,500.29102
166,1.375,167.5132,-145.51215,647.03516,250.33539,-191.1277,500.15698,244.05852,-289.34363,500.06595
167,1.383,174.93979,-145.66389,646.8913,258.79178,-191.87352,499.70776,252.96951,-290.80487,499.82092
168,1.392,184.43784,-147.60132,644.78156,266.19321,-192.45842,498.05307,258.60535,-291.26794,498.72284
169,1.4,192.78735,-146.06813,644.14288,272.73959,-192.65961,497.20346,265.48648,-290.39664,498.15692
170,1.408,202.99606,-147.51317,644.2901,282.2626,-193.98708,496.44116,274.6778,-292.61023,498.40262
171,1.417,210.94966,-146.18517,644.29431,289.33948,-195.38316,496.38416,280.60275,-292.60703,497.49271
172,1.425,220.24139,-146.64969,645.21387,299.28998,-195.89359,496.63983,289.08163,-293.46497,499.05136
173,1.433,230.23312,-147.70058,645.1925,308.17691,-196.32614,496.62723,298.87762,-294.09067,499.89496
174,1.442,238.3853,-148.23192,646.6532,317.65591,-196.49666,497.53622,305.90726,-293.94885,500.48227
175,1.45,246.18927,-147.82671,649.43939,325.79825,-197.73824,499.03738,315.81042,-293.85248,502.65366
176,1.458,255.89153,-149.08563,651.02521,333.44214,-199.15311,499.21988,325.10437,-292.267,503.69427
177,1.467,267.06345,-149.43555,652.61243,341.15137,-199.10785,499.09644,333.77704,-291.89746,503.69055
178,1.475,278.94247,-151.29448,654.21606,347.77295,-198.66312,499.08844,340.73065,-291.35486,504.62469
179,1.483,288.72293,-151.97633,654.85999,353.75436,-198.45941,498.76016,346.62183,-291.4985,504.72556
180,1.492,296.91968,-152.71471,656.70441,361.30701,-198.09521,498.51953,351.66678,-291.23407,505.71695
181,1.5,305.40067,-151.39735,657.26819,367.28397,-198.41109,497.49478,357.97296,-290.74179,505.38336
182,1.508,311.56531,-149.53323,657.1947,372.24664,-198.10216,497.14301,363.8624,-291.2193,505.68472
183,1.517,316.20758,-148.05324,657.45526,378.67419,-197.48656,497.14255,368.4006,-291.70221,505.65298
184,1.525,319.7963,-148.27834,657.21661,381.64029,-198.43756,496.88126,372.26035,-290.78903,505.31757
185,1.533,324.71558,-147.35902,656.93646,386.82492,-196.97061,495.86484,375.77133,-290.71042,504.41791
186,1.542,329.98062,-146.88547,656.41162,391.47238,-198.44666,496.28195,379.99161,-290.29099,503.52576
187,1.55,335.97293,-146.63846,656.64825,395.55685,-196.84154,495.44376,382.53687,-290.12827,503.22562
188,1.558,340.33127,-146.10674,656.87354,399.80753,-197.10753,495.84634,386.65915,-289.44858,502.33167
189,1.567,343.9776,-144.52487,656.90778,403.24072,-195.63921,495.22897,390.42929,-288.95624,501.07947
190,1.575,349.22653,-144.61685,657.19775,406.67041,-195.37689,494.92041,393.15988,-289.06357,501.30869
191,1.583,354.24271,-143.88,657.46631,409.64764,-195.26146,494.3125,396.86234,-287.81802,501.2355
192,1.592,358.15094,-143.85284,657.4931,412.07544,-194.9393,494.70953,400.27307,-287.91043,502.00284
193,1.6,363.20102,-143.71854,657.94861,415.51743,-192.58794,493.91165,403.3287,-286.69012,501.28607
194,1.608,368.07086,-143.63419,659.76398,417.24707,-192.91104,494.06702,408.4567,-286.6254,502.36243
195,1.617,373.32205,-142.8119,661.45459,419.89386,-192.33073,493.81931,411.63647,-286.8158,501.13742
196,1.625,377.77747,-144.19339,660.96271,422.54419,-191.05867,493.64911,416.73981,-287.53384,501.59088
197,1.633,382.10507,-142.19571,661.38098,424.4303,-191.07181,493.27985,417.4574,-286.83389,501.10086
198,1.642,387.12762,-143.33121,661.68005,425.97644,-191.47801,493.65527,418.22928,-286.6171,501.19547
199,1.65,391.99469,-143.27989,662.19904,429.45425,-192.1256,492.68286,422.05371,-285.6496,500.98581
200,1.658,394.88052,-143.19698,663.10681,432.02258,-190.34723,492.22009,423.66016,-284.29831,500.38483
201,1.667,399.24796,-142.67931,663.02338,433.6492,-190.06261,491.1196,419.87845,-285.72266,497.99518
202,1.675,404.24283,-144.82149,662.28162,435.77243,-190.71246,490.89871,426.61548,-286.07944,498.66367
203,1.683,408.55109,-143.93947,662.32562,437.29385,-190.95284,490.94492,427.65314,-286.13492,498.76666
204,1.692,412.58505,-145.14476,662.4989,440.69025,-189.54886,490.53281,428.69119,-286.19052,498.86972
205,1.7,416.96506,-143.68942,662.85614,442.81671,-189.93082,490.4212,432.62289,-286.6944,498.52963
206,1.708,420.34598,-144.86923,662.26172,445.73602,-191.24236,490.17776,442.96024,-287.53192,499.3298
207,1.717,425.47678,-145.77232,662.49719,447.58929,-191.1368,489.32593,443.0267,-286.68585,497.7818
208,1.725,430.80902,-145.74861,662.37433,448.76382,-190.06209,489.40701,439.396,-284.79434,496.28296
209,1.733,434.94608,-146.58101,661.64984,453.32236,-189.65953,488.68616,440.10007,-285.27325,495.25504
210,1.742,438.00009,-144.99248,662.31512,455.02774,-190.54399,487.63931,443.47104,-285.59286,495.26385
211,1.75,442.95898,-146.06369,661.16193,456.58661,-190.49222,486.78772,445.08179,-285.84805,495.01663
212,1.758,447.36954,-146.95682,660.11676,459.78033,-191.27673,488.25504,446.88824,-284.5174,493.53119
213,1.767,452.70853,-146.35197,661.06555,463.14325,-189.1412,487.66351,449.78568,-284.80875,492.89673
214,1.775,455.72253,-147.66318,660.06146,465.00977,-189.48164,485.8107,453.08057,-283.70889,493.32745
215,1.783,461.84573,-146.74048,660.01343,467.80508,-190.63902,485.37921,454.88461,-284.44919,492.57861
216,1.792,464.43567,-147.44325,660.13092,469.06229,-191.3365,484.80765,457.01819,-284.19769,492.66422
217,1.8,469.3797,-147.09985,659.52625,470.87949,-191.19048,484.73422,459.2052,-283.57361,491.5752
218,1.808,474.56839,-148.43565,658.8429,473.55447,-190.05461,484.53149,463.19263,-282.70776,491.01895
219,1.817,478.49011,-147.97847,658.33539,476.33887,-189.80336,482.98306,465.21182,-282.46732,490.62061
220,1.825,482.59222,-148.57372,656.85535,477.71893,-189.30927,482.87653,467.2114,-282.87277,489.73743
221,1.833,487.50729,-147.46878,656.78925,481.82748,-191.16811,481.7178,470.86066,-283.25964,489.59488
222,1.842,490.38425,-148.83321,656.09338,481.77136,-191.64009,480.4902,472.18146,-282.53354,489.28207
223,1.85,496.08289,-147.79642,655.50818,485.49835,-189.88417,479.83664,475.30991,-283.16992,489.0434
224,1.858,501.49384,-148.20409,655.2934,487.79779,-189.53206,479.88144,477.61072,-282.81577,487.80765
225,1.867,503.59824,-149.05214,654.50305,490.19635,-190.25362,478.90555,479.81161,-283.60239,487.21487
226,1.875,508.70883,-149.18445,653.88336,492.91202,-190.55054,478.51553,483.1687,-283.32574,486.33325
227,1.883,514.06226,-150.07607,652.8432,495.87643,-189.95848,478.46399,485.93997,-282.61246,485.73996
228,1.892,518.0191,-149.63423,651.99445,498.38806,-189.32828,477.25189,488.5217,-282.93079,485.79092
229,1.9,523.37256,-149.8774,650.85394,501.17679,-189.46022,475.13477,492.06931,-282.2851,484.35611
230,1.908,528.4126,-150.92027,649.68939,503.828,-191.65013,474.89862,495.91602,-281.98483,483.49725
231,1.917,534.53223,-149.72139,649.1983,508.78995,-189.84589,474.50232,499.20853,-283.0625,482.60593
232,1.925,539.27673,-151.28233,648.08014,511.41379,-189.51733,473.80777,502.89172,-282.73947,481.92731
233,1.933,544.46893,-150.43871,646.8493,514.91162,-189.64351,473.2562,507.04459,-282.20474,480.90182
234,1.942,549.34351,-150.94449,646.73218,520.40594,-190.83224,471.6525,511.63968,-282.66235,479.6376
235,1.95,555.49084,-152.21561,644.34241,523.81439,-189.95929,471.0683,516.22437,-282.85562,479.56293
236,1.958,561.11523,-151.35248,643.58429,528.65204,-191.34633,469.93494,520.38354,-284.66669,478.28323
237,1.967,566.74054,-152.94743,641.99432,532.24469,-191.81017,468.63397,526.09882,-283.12686,476.92804
238,1.975,573.22577,-152.5836,641.78094,537.11401,-191.74774,467.55496,531.4162,-284.23114,475.5932
239,1.983,578.98694,-154.51283,639.54333,543.31042,-192.88162,467.237,536.6507,-284.29016,473.96896
240,1.992,586.4809,-154.25272,638.31049,549.68512,-192.59625,465.5694,542.32117,-284.68713,473.16681
241,2,593.9837,-154.18814,637.99072,554.6571,-192.92628,464.61456,549.5708,-286.26303,472.03275
242,2.008,600.8598,-154.716,636.51526,560.49017,-194.79048,463.21078,555.4765,-287.21893,471.78055
243,2.017,606.28479,-157.45445,634.45984,566.65509,-193.24738,462.67542,563.82922,-287.07755,469.35483
244,2.025,615.2738,-157.08047,633.39471,572.625,-195.86729,460.11511,570.35156,-287.3208,469.02444
245,2.033,624.15417,-155.57863,631.67889,581.17865,-194.6237,460.4259,579.10968,-288.08902,467.44714
246,2.042,631.79572,-158.52135,631.22797,588.73737,-195.21254,458.00931,587.07397,-289.42871,465.88785
247,2.05,640.5213,-158.27814,631.06689,597.27985,-195.81059,458.27707,596.448,-290.58994,465.37851
248,2.058,651.02844,-158.79358,630.59802,605.44244,-197.28979,455.93546,606.11755,-290.22562,464.0415
249,2.067,660.46875,-160.53465,629.38861,616.35431,-198.34195,455.95868,616.30298,-292.57874,463.63824
250,2.075,670.26868,-162.89815,628.79156,627.83252,-198.5377,455.5538,627.87042,-292.4165,461.92258
251,2.083,680.70587,-162.51599,627.98859,638.97675,-198.66933,454.50998,639.42737,-294.3576,461.69653
252,2.092,691.8418,-163.33247,627.59125,651.0249,-198.63589,452.20444,652.34662,-295.17221,460.84711
253,2.1,704.5979,-163.81599,628.04309,664.83459,-200.33704,452.00229,663.95691,-296.14221,458.89337
254,2.108,714.06342,-167.67122,625.68048,679.48566,-199.31514,450.84003,678.77594,-296.61414,457.39691
255,2.117,726.86084,-167.91801,625.46478,693.03265,-200.35049,450.1691,693.84113,-297.68997,455.77045
256,2.125,739.08679,-167.56573,624.52448,707.9281,-201.18295,448.69012,708.64874,-298.00897,454.39886
257,2.133,753.2735,-169.38972,624.37317,724.83411,-199.18213,447.5726,725.69238,-298.78787,453.6626
258,2.142,766.99359,-171.17575,623.45349,740.72784,-199.29437,446.22754,744.19318,-298.60876,450.49774
259,2.15,780.18866,-170.43132,623.53192,756.35089,-199.46741,445.26157,761.20129,-296.83463,449.9501
260,2.158,795.34491,-173.02846,623.65662,775.90448,-199.37512,444.73431,780.33527,-296.02429,446.41489
261,2.167,808.79767,-170.99484,623.44073,793.34082,-198.86716,444.73077,800.25604,-296.04843,444.71756
262,2.175,824.93274,-173.18698,622.70386,810.0835,-200.43813,443.74081,818.88452,-297.87173,444.17474
263,2.183,837.34387,-173.58063,622.2533,829.04712,-199.80981,444.05725,839.11328,-298.64859,444.79959
264,2.192,853.1745,-176.01476,622.74817,845.94104,-201.96857,443.65314,858.38397,-298.79141,444.37775
265,2.2,864.54968,-176.44519,622.87146,863.35791,-202.78931,443.51727,877.1759,-297.39011,445.42679
266,2.208,878.49426,-178.00314,623.66034,882.15485,-205.14009,445.43909,893.13531,-301.6615,446.06213
267,2.217,892.03223,-178.68874,625.10309,898.15399,-206.0966,446.88876,913.77814,-301.33871,446.31961
268,2.225,905.18811,-180.59991,627.66266,915.74207,-206.93991,447.91705,932.01062,-304.69867,448.31436
269,2.233,917.37994,-180.05579,628.16034,933.55054,-207.95491,451.5246,944.63715,-306.35333,451.74374
270,2.242,930.69629,-180.74138,629.6734,950.84491,-208.97681,454.77881,959.40503,-308.64804,454.19522
271,2.25,942.90973,-181.44653,632.24487,967.95648,-210.46335,456.7377,978.32092,-311.13818,458.28897
272,2.258,954.14471,-182.0201,634.9856,985.15253,-212.71396,460.72507,995.92712,-314.07938,462.28061
273,2.267,967.4292,-181.64252,637.27325,1002.68988,-213.56049,462.71854,1011.99561,-315.33957,464.46188
274,2.275,979.66669,-184.1991,639.2597,1019.03381,-215.14516,466.74323,1026.85913,-315.99432,467.20154
275,2.283,991.16718,-185.76247,642.12897,1034.48193,-218.16319,470.18005,1042.17712,-317.13989,471.42258
276,2.292,1003.71173,-187.07072,644.68127,1050.37903,-219.39581,474.21927,1059.12866,-321.71539,474.8746
277,2.3,1014.46039,-187.03278,646.83209,1065.14246,-221.88568,477.18988,1069.57263,-322.50708,477.62656
278,2.308,1027.11084,-187.3013,649.69678,1080.7467,-223.8282,481.46078,1089.38086,-323.50101,484.31161
279,2.317,1038.20789,-190.60411,651.55957,1093.80505,-224.70168,485.69098,1102.83264,-325.83594,487.92279
280,2.325,1049.56201,-189.93303,654.76782,1107.03394,-225.87259,487.7504,1115.6095,-327.79605,492.08673
281,2.333,1060.15076,-190.86104,656.336,1121.16382,-227.69881,491.88504,1128.35901,-329.64215,495.98145
282,2.342,1071.13635,-192.35895,658.35254,1135.81775,-230.60959,495.88013,1141.95435,-330.93805,499.46826
283,2.35,1080.6272,-192.87749,661.19055,1147.51099,-233.28836,500.35184,1152.70679,-333.81735,503.39703
284,2.358,1092.08862,-192.04851,662.88068,1160.45776,-233.50795,502.97217,1163.7677,-334.58731,506.20694
285,2.367,1100.3855,-194.22144,664.91693,1172.85059,-234.63083,504.63986,1175.90674,-336.45987,508.69666
286,2.375,1110.99841,-195.87039,666.35193,1181.89233,-237.68663,507.80508,1187.09509,-338.52399,512.22528
287,2.383,1121.61475,-194.13707,668.21722,1193.86401,-238.13324,510.25381,1196.68298,-339.03299,514.42743
288,2.392,1128.01855,-196.8896,669.26941,1205.87512,-238.18495,512.04395,1205.60596,-340.05026,516.29346
289,2.4,1139.13135,-196.03403,670.17908,1215.36621,-241.50223,514.01563,1215.58521,-341.80441,517.94415
290,2.408,1148.61475,-195.08514,671.72632,1225.36365,-241.73856,516.19293,1225.15417,-342.22543,519.88824
291,2.417,1154.90381,-197.52007,670.92902,1233.43835,-243.78395,516.55731,1233.22729,-343.50436,520.79755
292,2.425,1165.95081,-196.52763,672.23108,1244.19861,-244.34639,517.11536,1241.87854,-343.48349,521.21741
293,2.433,1173.94202,-197.84998,671.91522,1253.69397,-245.01521,518.54388,1250.60388,-345.32501,522.39429
294,2.442,1181.80298,-198.45956,672.17706,1261.71619,-246.46281,518.88794,1258.61987,-346.52167,523.05334
295,2.45,1189.89246,-198.87265,671.58832,1270.18396,-246.8488,519.49939,1266.73376,-347.64209,523.19373
296,2.458,1198.19409,-199.42123,669.85931,1278.48206,-248.573,519.89111,1273.74585,-347.32864,521.99927
297,2.467,1204.98987,-199.54688,669.58765,1286.95935,-248.15723,518.97516,1281.61304,-347.91714,521.87653
298,2.475,1212.67712,-199.12108,668.60004,1294.36792,-249.88702,519.15118,1288.80078,-348.32339,520.40601
299,2.483,1219.97083,-198.03851,666.8396,1301.65405,-249.52007,517.2757,1294.9231,-348.54477,519.75452
300,2.492,1226.97131,-199.46342,666.08661,1308.45776,-249.45534,516.72198,1299.87231,-348.73975,519.47748
301,2.5,1234.81934,-198.97398,664.4978,1315.91235,-251.32744,515.98511,1307.24438,-350.09015,518.40906
302,2.508,1242.20313,-199.91148,663.75244,1324.59412,-250.40446,515.20099,1313.46008,-351.01532,516.37915
303,2.517,1248.07715,-199.13931,661.37518,1331.70154,-251.92752,514.36517,1320.58386,-352.12869,515.60046
304,2.525,1255.19922,-200.00574,659.55884,1338.8009,-252.49496,514.14801,1326.01489,-350.6481,513.81805
305,2.533,1261.21436,-200.65613,657.32379,1346.3551,-253.3768,512.18842,1332.24792,-352.31934,512.98322
306,2.542,1269.92322,-200.30765,656.1911,1354.58887,-252.91296,510.93915,1339.51831,-352.17865,510.9025
307,2.55,1275.74036,-202.33354,654.93921,1359.72144,-253.96886,510.8493,1346.77942,-353.1593,511.10794
308,2.558,1283.54053,-199.96091,653.59668,1367.07434,-253.86638,508.56638,1354.31812,-354.03513,510.49356
309,2.567,1290.52332,-202.16818,651.3858,1374.77246,-255.00385,507.72662,1358.6438,-353.24341,509.28955
310,2.575,1298.50671,-201.88359,650.84784,1380.90942,-256.45721,506.37228,1366.04187,-354.16391,507.52887
311,2.583,1304.40686,-202.73758,649.37213,1388.13684,-256.21756,504.98398,1372.36841,-355.16071,506.94952
312,2.592,1311.98376,-201.63562,648.36469,1395.27502,-257.45193,504.04382,1380.15015,-355.85001,506.08954
313,2.6,1320.0282,-203.10265,647.57648,1399.93225,-259.61285,501.59924,1388.08691,-356.29001,505.77875
314,2.608,1326.38184,-205.8121,646.68378,1406.72217,-259.66138,499.22412,1395.64172,-356.61649,504.96747
315,2.617,1334.90356,-205.46432,644.41748,1414.75037,-261.07846,498.35129,1404.0116,-357.80774,502.04837
316,2.625,1342.22192,-207.51796,641.71851,1419.55798,-262.89102,495.23056,1410.72278,-357.54901,501.33606
317,2.633,1349.30566,-208.7238,641.75787,1426.81555,-262.98553,493.80374,1418.02625,-358.60562,499.69794
318,2.642,1356.13196,-208.85924,641.85211,1432.28772,-263.63727,492.73016,1423.54492,-359.78079,498.74283
319,2.65,1362.95947,-211.16963,641.42035,1441.30054,-264.7626,493.31628,1428.43127,-360.69595,500.71631
320,2.658,1371.06775,-210.35327,643.10626,1448.84387,-265.22479,494.41458,1436.13318,-361.58521,501.17764
321,2.667,1377.44946,-212.65686,644.95081,1455.72559,-266.06473,495.89758,1443.79163,-361.9155,502.22775
322,2.675,1387.29736,-211.19582,646.52087,1463.56506,-267.2117,496.75891,1448.2666,-359.78546,502.97473
323,2.683,1395.15979,-213.24258,647.0918,1471.03992,-267.09979,497.58191,1455.95239,-360.7934,503.26215
324,2.692,1403.74158,-212.89818,649.61517,1476.26367,-267.28406,496.77216,1462.26318,-360.46747,503.64023
325,2.7,1413.88745,-214.58327,650.30103,1483.22778,-267.19669,496.90616,1467.11926,-359.07516,503.73862
326,2.708,1422.56226,-214.30725,651.20197,1489.43115,-267.22092,495.93295,1474.95874,-359.09732,504.85352
327,2.717,1428.2677,-214.75552,652.03271,1493.83411,-267.86429,495.41202,1478.65564,-358.07257,504.81281
328,2.725,1435.66101,-212.43797,656.07745,1497.83264,-267.73633,495.53894,1483.72607,-359.29858,505.64072
329,2.733,1442.17603,-210.1947,656.96448,1502.41479,-267.3353,495.83435,1489.41223,-359.69962,505.93234
330,2.742,1447.72473,-211.14404,656.43793,1505.7998,-265.38693,495.26303,1492.91016,-360.83575,506.09628
331,2.75,1453.04248,-211.15375,656.78589,1510.18396,-264.56277,495.92743,1493.43591,-355.27408,503.77762
332,2.758,1458.69165,-208.74991,657.21826,1513.51624,-263.69452,496.60315,1498.0354,-355.04419,503.37479
333,2.767,1462.8833,-209.25999,657.51508,1515.99268,-262.76224,495.4642,1502.18042,-355.35666,503.27325
334,2.775,1466.07629,-208.92783,656.96564,1519.1217,-261.75195,495.58398,1504.4209,-354.4151,502.87204
335,2.783,1471.11243,-206.65002,657.47314,1523.62451,-259.93137,495.19846,1507.09277,-353.62402,503.16849
336,2.792,1473.14954,-207.01175,657.74231,1524.1936,-259.63867,494.28656,1511.19202,-353.01776,503.62811
337,2.8,1475.90649,-206.29845,657.79285,1527.65796,-259.36896,494.01773,1513.47742,-352.81708,502.75336
338,2.808,1478.89587,-206.79761,658.07324,1530.2262,-258.25186,494.21359,1517.67603,-352.79532,502.66833
339,2.817,1483.68677,-205.13918,657.99768,1532.71057,-257.254,494.50751,1519.84973,-352.29535,503.16498
340,2.825,1488.13428,-204.73672,659.25043,1534.64624,-257.59589,493.90582,1521.36194,-350.85376,502.27222
341,2.833,1490.35144,-206.19246,659.0918,1536.02832,-256.62384,493.85699,1524.66467,-350.80032,502.32263
342,2.842,1496.01147,-203.87718,660.06348,1540.06873,-255.67879,494.48132,1525.8064,-350.27722,501.29907
343,2.85,1501.93335,-204.45912,659.16095,1540.57593,-255.36517,494.02048,1531.28723,-350.03299,501.85434
344,2.858,1503.89587,-205.27122,661.0401,1543.06482,-254.31213,491.97119,1532.83374,-347.58295,500.19
345,2.867,1510.32324,-204.22807,662.11285,1546.58972,-253.81525,491.93137,1536.48718,-347.96838,502.08484
346,2.875,1512.92126,-207.36555,659.71393,1547.76013,-255.06053,491.83121,1537.17957,-347.7493,501.68643
347,2.883,1518.17151,-206.01675,662.88623,1549.60498,-253.98122,491.37286,1537.74731,-348.43237,501.01343
348,2.892,1523.04272,-206.52979,661.33752,1551.98145,-253.70273,491.73215,1538.93652,-348.3656,499.12405
349,2.9,1525.60645,-207.74095,661.64087,1554.35278,-254.04828,490.25461,1542.29822,-349.10345,499.53616
350,2.908,1530.34143,-207.62022,661.40558,1557.22729,-254.72293,490.53952,1545.22656,-347.97165,497.30847
351,2.917,1536.20044,-207.00737,660.27319,1558.84387,-254.82982,490.4032,1547.40356,-348.79044,497.39066
352,2.925,1538.40344,-207.72728,660.71466,1561.67566,-253.04395,488.96069,1547.40356,-348.79044,497.39066
353,2.933,1543.64807,-206.95741,661.23108,1564.47742,-254.58688,488.67258,1551.88489,-349.78799,497.94089
354,2.942,1547.0542,-205.11113,658.51538,1566.81799,-255.21863,488.5817,1555.06458,-348.87833,496.76187
355,2.95,1550.76636,-207.36269,659.86639,1567.61841,-256.60394,487.95578,1559.36951,-347.08273,497.21167
356,2.958,1552.48718,-207.20448,657.23706,1571.86414,-256.07828,486.29974,1561.05005,-348.03119,496.6731
357,2.967,1558.45667,-208.356,658.99908,1575.27246,-256.31497,487.67267,1562.72778,-348.98279,496.13409
358,2.975,1564.43665,-206.77258,657.93372,1577.0647,-257.5994,486.79193,1564.91406,-349.80652,496.21838
359,2.983,1569.896,-208.06279,657.11652,1581.55371,-254.54465,485.42029,1567.84985,-348.68509,493.98688
360,2.992,1572.3761,-208.37581,656.61975,1583.92273,-256.36575,484.28741,1573.01587,-348.07651,494.25818
361,3,1577.85498,-209.97212,655.68903,1584.49377,-257.62332,483.81168,1571.85388,-351.80066,492.68729
362,3.008,1584.54175,-208.57852,657.33392,1588.73853,-257.48874,482.56741,1576.672,-348.77615,492.18979
363,3.017,1586.57678,-208.7758,656.3526,1592.08606,-256.85352,482.60361,1579.92419,-348.67636,491.69846
364,3.025,1592.13965,-211.37099,655.06934,1593.7876,-258.48837,480.52618,1583.83508,-349.21078,491.65866
365,3.033,1598.1228,-209.33842,655.91376,1599.96021,-257.40314,481.82907,1587.15881,-348.28656,490.27762
366,3.042,1599.73901,-210.06848,653.81647,1601.12329,-257.98376,480.98688,1591.29578,-350.07761,490.3801
367,3.05,1606.37573,-211.15791,654.07806,1607.62,-254.39757,479.54471,1594.29846,-349.68063,489.19821
368,3.058,1609.75867,-209.67236,652.44147,1609.70728,-257.04242,477.60062,1598.11328,-350.58447,486.76767
369,3.067,1616.4126,-209.47174,652.09985,1611.69824,-257.06387,476.47797,1603.00037,-350.49445,486.5683
370,3.075,1620.35632,-209.90417,650.08752,1616.96106,-256.24826,477.51376,1606.07825,-349.63202,486.53912
371,3.083,1624.3783,-210.74817,649.16174,1618.02002,-257.02066,476.1976,1610.88684,-350.88974,485.53259
372,3.092,1629.16406,-212.07008,648.63965,1625.22034,-256.7034,475.87244,1614.55115,-350.66367,485.13623
373,3.1,1634.13196,-210.86896,648.50159,1626.0481,-257.73697,474.59128,1618.24194,-350.5423,483.35507
374,3.108,1640.47961,-211.42606,648.09821,1629.97034,-257.91135,472.74033,1621.9115,-351.17505,483.53238
375,3.117,1644.10986,-213.01863,644.92194,1635.03723,-259.10895,473.02695,1626.14709,-349.82962,481.49496
376,3.125,1650.08081,-212.07022,644.70569,1637.65515,-257.10977,469.52792,1630.28955,-351.1951,481.45862
377,3.133,1655.91138,-212.74744,643.25836,1643.56287,-257.31091,469.43933,1633.71106,-350.49551,480.53442
378,3.142,1661.93665,-211.98645,644.42609,1648.4624,-257.37042,468.75909,1638.31165,-350.5314,480.44482
379,3.15,1665.98792,-213.30324,641.27197,1650.84485,-257.09814,467.94687,1642.07251,-351.42166,478.16965
380,3.158,1670.11218,-214.07451,640.26239,1654.42163,-258.92142,466.9946,1647.11926,-351.55045,476.21753
381,3.167,1676.86633,-213.19803,640.23071,1660.13855,-257.53195,464.98297,1651.32544,-352.83905,475.8793
382,3.175,1683.401,-213.08002,639.2627,1664.02942,-256.61661,463.98929,1654.59875,-350.90875,475.16086
383,3.183,1688.35205,-213.82863,637.65509,1669.60962,-257.36469,463.16876,1660.59009,-352.27936,474.60922
384,3.192,1696.07104,-214.15556,637.21552,1672.40295,-258.06519,462.27634,1665.19507,-351.81735,473.65488
385,3.2,1700.4032,-213.5752,635.68915,1675.151,-259.08752,462.3111,1670.72974,-353.44766,472.99741
386,3.208,1707.69067,-213.41098,635.37054,1679.54004,-258.99292,459.93005,1675.28528,-351.93661,470.96964
387,3.217,1713.57361,-213.40048,632.64404,1684.34607,-259.04056,460.00314,1680.47363,-352.68076,471.15344
388,3.225,1720.77881,-213.31694,633.06415,1688.08325,-260.73724,459.14417,1684.75781,-351.3002,469.65533
389,3.233,1725.21704,-214.21024,631.33185,1692.77783,-258.2421,457.8797,1689.42346,-351.36865,469.73557
390,3.242,1730.39758,-215.19649,631.48627,1698.79016,-259.10165,456.81607,1695.50391,-352.08865,468.58557
391,3.25,1738.31628,-213.24908,630.02203,1703.68127,-258.45724,456.8002,1699.27258,-351.79568,467.0668
392,3.258,1743.83984,-214.57411,628.44464,1707.00439,-261.26141,455.20291,1706.01172,-351.93246,465.20712
393,3.267,1748.6366,-214.72968,627.27661,1710.95947,-261.09683,452.47241,1712.18628,-352.94131,464.85895
394,3.275,1756.5459,-215.0611,626.93207,1718.81787,-259.22766,452.71365,1717.81018,-351.84354,462.9422
395,3.283,1764.45593,-214.87027,624.51044,1725.64771,-260.15625,452.31766,1724.88184,-353.13226,461.80246
396,3.292,1772.43201,-214.71974,624.06128,1730.31714,-262.4859,449.65735,1732.84265,-353.88174,461.81165
397,3.3,1781.02649,-215.30452,624.2005,1739.98145,-260.07837,449.32452,1739.8363,-353.26382,459.6825
398,3.308,1790.21533,-214.92523,622.47791,1746.37158,-260.5683,448.79718,1747.92151,-352.80612,459.29242
399,3.317,1800.01721,-216.71912,620.84119,1757.28369,-261.4093,448.72778,1756.74316,-353.75186,458.94736
400,3.325,1808.20081,-215.89203,619.29266,1765.58276,-261.11597,447.02567,1764.75061,-353.78415,457.2265
401,3.333,1817.63867,-218.28603,618.77075,1774.97424,-262.05801,446.44409,1775.07666,-355.21774,456.01404
402,3.342,1826.85693,-219.84485,618.23608,1782.77002,-262.435,443.77548,1785.43689,-355.57843,455.46945
