Frame#,Time,R.Clavicle.x,R.Clavicle.y,R.Clavicle.z,L.Clavicle.x,L.Clavicle.y,L.Clavicle.z,R.Scapula.x,R.Scapula.y,R.Scapula.z,L.Scapula.x,L.Scapula.y,L.Scapula.z,R.Scap.Inf.x,R.Scap.Inf.y,R.Scap.Inf.z
1,0,-280.53262,-150.85513,1034.8822,-298.24072,48.86833,1077.41016,-419.00339,-111.04124,1039.41638,-424.40967,15.33912,1049.69849,-472.38791,-124.60696,941.75763
2,0.008,-280.53262,-150.85513,1034.8822,-298.24072,48.86833,1077.41016,-419.00339,-111.04124,1039.41638,-424.40967,15.33912,1049.69849,-472.38791,-124.60696,941.75763
3,0.017,-280.53262,-150.85513,1034.8822,-298.24072,48.86833,1077.41016,-419.00339,-111.04124,1039.41638,-424.40967,15.33912,1049.69849,-472.526,-124.45349,941.74207
4,0.025,-280.6684,-150.80128,1034.9917,-298.24072,48.86833,1077.41016,-419.00339,-111.04124,1039.41638,-424.40967,15.33912,1049.69849,-472.60034,-124.25323,941.85895
5,0.033,-280.6684,-150.80128,1034.9917,-298.24072,48.86833,1077.41016,-419.20078,-110.88905,1039.39087,-424.40967,15.33912,1049.69849,-472.60034,-124.25323,941.85895
6,0.042,-280.6684,-150.80128,1034.9917,-298.24072,48.86833,1077.41016,-419.20078,-110.88905,1039.39087,-424.40967,15.33912,1049.69849,-472.60034,-124.25323,941.85895
7,0.05,-280.92944,-150.78185,1035.08179,-298.24072,48.86833,1077.41016,-419.20078,-110.88905,1039.39087,-424.40967,15.33912,1049.69849,-472.526,-124.45349,941.74207
8,0.058,-280.73343,-150.47565,1034.86902,-298.24072,48.86833,1077.41016,-419.20078,-110.88905,1039.39087,-424.40967,15.33912,1049.69849,-472.526,-124.45349,941.74207
9,0.067,-280.69211,-150.78944,1034.69739,-298.24072,48.86833,1077.41016,-419.20078,-110.88905,1039.39087,-424.40967,15.33912,1049.69849,-472.60034,-124.25323,941.85895
10,0.075,-280.73343,-150.47565,1034.86902,-298.24072,48.86833,1077.41016,-419.3511,-110.72787,1039.42517,-424.7749,15.60355,1049.76917,-472.60034,-124.25323,941.85895
11,0.083,-280.75711,-150.46381,1034.57471,-298.24072,48.86833,1077.41016,-419.20078,-110.88905,1039.39087,-425.31909,15.19245,1049.87451,-472.60034,-124.25323,941.85895
12,0.092,-280.89291,-150.40996,1034.6842,-298.24072,48.86833,1077.41016,-419.3511,-110.72787,1039.42517,-425.51492,15.34772,1049.75757,-472.79276,-124.33048,941.58307
13,0.1,-281.15399,-150.39052,1034.77441,-298.24072,48.86833,1077.41016,-419.3511,-110.72787,1039.42517,-425.78314,15.32022,1049.95605,-472.79276,-124.33048,941.58307
14,0.108,-280.89291,-150.40996,1034.6842,-298.24072,48.86833,1077.41016,-419.98126,-110.80355,1039.17224,-424.97076,15.75879,1049.65222,-472.79276,-124.33048,941.58307
15,0.117,-280.89291,-150.40996,1034.6842,-298.5354,49.02173,1077.20178,-419.96426,-111.10474,1039.19788,-424.97076,15.75879,1049.65222,-473.18179,-124.00529,941.3985
16,0.125,-281.15399,-150.39052,1034.77441,-299.05148,50.02636,1077.6438,-420.33755,-110.87816,1038.96313,-425.23901,15.73137,1049.85071,-473.12466,-123.80775,941.30969
17,0.133,-281.15399,-150.39052,1034.77441,-299.34607,50.17954,1077.43542,-420.33755,-110.87816,1038.96313,-425.51492,15.34772,1049.75757,-473.13937,-124.00981,941.24701
18,0.142,-281.15399,-150.39052,1034.77441,-299.34607,50.17954,1077.43542,-420.33755,-110.87816,1038.96313,-426.08026,15.02001,1049.80615,-473.18179,-124.00529,941.3985
19,0.15,-281.12839,-150.35278,1034.86963,-299.29062,51.19697,1077.61609,-420.33755,-110.87816,1038.96313,-426.08026,15.02001,1049.80615,-473.12466,-123.80775,941.30969
20,0.158,-281.12839,-150.35278,1034.86963,-299.34607,50.17954,1077.43542,-420.61026,-110.83493,1039.10046,-425.78314,15.32022,1049.95605,-473.12466,-123.80775,941.30969
21,0.167,-281.12839,-150.35278,1034.86963,-299.34607,50.17954,1077.43542,-420.61026,-110.83493,1039.10046,-425.45361,15.46806,1049.61572,-473.49448,-123.71944,941.30322
22,0.175,-281.39584,-150.39926,1034.86694,-299.02902,50.50524,1077.25879,-420.61026,-110.83493,1039.10046,-425.23901,15.73137,1049.85071,-473.56888,-123.51916,941.4201
23,0.183,-281.19312,-150.27292,1034.94189,-298.97366,51.52248,1077.43933,-420.81436,-110.68424,1039.06653,-425.23901,15.73137,1049.85071,-473.49448,-123.71944,941.30322
24,0.192,-281.0336,-150.33861,1035.12659,-298.93719,51.64106,1077.11023,-420.61026,-110.83493,1039.10046,-426.26776,15.65309,1050.34204,-473.49448,-123.71944,941.30322
25,0.2,-280.96887,-150.41847,1035.05432,-298.93719,51.64106,1077.11023,-420.83002,-110.45622,1038.8125,-426.21964,15.73529,1050.01001,-473.12466,-123.80775,941.30969
26,0.208,-281.19312,-150.27292,1034.94189,-298.93719,51.64106,1077.11023,-420.9646,-110.82853,1038.88916,-426.65372,15.01681,1049.9209,-473.55157,-123.91698,941.39203
27,0.217,-281.19312,-150.27292,1034.94189,-298.93719,51.64106,1077.11023,-420.81567,-110.67948,1038.98218,-427.17639,14.95539,1050.25378,-473.65948,-123.25365,941.51019
28,0.225,-281.0336,-150.33861,1035.12659,-298.93719,51.64106,1077.11023,-420.81436,-110.68424,1039.06653,-426.98898,15.75169,1050.078,-473.65948,-123.25365,941.51019
29,0.233,-281.19312,-150.27292,1034.94189,-298.93719,51.64106,1077.11023,-420.466,-110.40045,1039.21692,-425.23901,15.73137,1049.85071,-473.65948,-123.25365,941.51019
30,0.242,-281.12839,-150.35278,1034.86963,-299.60629,51.7704,1077.20276,-421.09729,-110.20927,1038.56702,-426.26776,15.65309,1050.34204,-473.65948,-123.25365,941.51019
31,0.25,-281.35284,-150.2072,1034.7572,-299.54935,52.78775,1077.38379,-420.81436,-110.68424,1039.06653,-427.2381,15.57483,1049.50623,-473.58771,-123.44304,941.38885
32,0.258,-281.35284,-150.2072,1034.7572,-299.77576,52.77362,1077.04041,-420.95593,-110.79547,1038.69934,-427.2381,15.57483,1049.50623,-473.6842,-123.62842,941.24298
33,0.267,-281.49011,-150.16446,1034.68433,-299.54935,52.78775,1077.38379,-420.95593,-110.79547,1038.69934,-427.2381,15.57483,1049.50623,-473.88309,-123.73265,941.29779
34,0.275,-281.54721,-150.08701,1034.76062,-299.77576,52.77362,1077.04041,-421.1185,-110.73183,1038.60547,-427.10767,15.58942,1049.38342,-473.6842,-123.62842,941.24298
35,0.283,-281.54721,-150.08701,1034.76062,-299.77576,52.77362,1077.04041,-421.40311,-110.62251,1038.33081,-427.2381,15.57483,1049.50623,-473.88309,-123.73265,941.29779
36,0.292,-281.54721,-150.08701,1034.76062,-299.77576,52.77362,1077.04041,-421.36499,-110.47823,1038.22314,-427.2066,16.12899,1049.35632,-473.6842,-123.62842,941.24298
37,0.3,-281.54721,-150.08701,1034.76062,-299.77576,52.77362,1077.04041,-421.48508,-110.45712,1038.24512,-427.2066,16.12899,1049.35632,-473.71646,-123.56055,941.02826
38,0.308,-281.54721,-150.08701,1034.76062,-299.83267,51.75621,1076.85938,-421.40408,-110.58562,1038.41272,-427.39929,16.24659,1049.29736,-473.78455,-123.33373,940.81439
39,0.317,-281.54721,-150.08701,1034.76062,-299.77576,52.77362,1077.04041,-421.44598,-110.34976,1038.05554,-427.56873,16.08695,1049.28638,-473.6842,-123.62842,941.24298
40,0.325,-281.54721,-150.08701,1034.76062,-299.77576,52.77362,1077.04041,-421.48508,-110.45712,1038.24512,-427.80493,15.73145,1049.28882,-473.95114,-123.50585,941.08386
41,0.333,-281.54721,-150.08701,1034.76062,-299.77576,52.77362,1077.04041,-421.48508,-110.45712,1038.24512,-427.80493,15.73145,1049.28882,-474.15665,-123.51048,940.88116
42,0.342,-281.54721,-150.08701,1034.76062,-299.77576,52.77362,1077.04041,-421.48508,-110.45712,1038.24512,-427.97888,15.43828,1049.31116,-474.15665,-123.51048,940.88116
43,0.35,-281.77097,-149.97174,1034.72351,-299.77576,52.77362,1077.04041,-421.48508,-110.45712,1038.24512,-427.52966,16.23199,1049.42017,-473.79111,-123.23408,940.55688
44,0.358,-281.75455,-149.67812,1034.93262,-299.77576,52.77362,1077.04041,-421.48508,-110.45712,1038.24512,-427.52966,16.23199,1049.42017,-473.99002,-123.33834,940.61169
45,0.367,-281.77097,-149.97174,1034.72351,-299.77576,52.77362,1077.04041,-421.48508,-110.45712,1038.24512,-427.70364,15.93895,1049.44238,-474.15002,-123.61005,941.13867
46,0.375,-281.77097,-149.97174,1034.72351,-299.77576,52.77362,1077.04041,-421.48508,-110.45712,1038.24512,-427.97888,15.43828,1049.31116,-474.15002,-123.61005,941.13867
47,0.383,-281.54721,-150.08701,1034.76062,-300.27176,52.93032,1076.953,-421.48508,-110.45712,1038.24512,-427.97888,15.43828,1049.31116,-474.15002,-123.61005,941.13867
48,0.392,-281.54721,-150.08701,1034.76062,-300.27176,52.93032,1076.953,-421.48508,-110.45712,1038.24512,-427.70364,15.93895,1049.44238,-473.88309,-123.73265,941.29779
49,0.4,-281.54721,-150.08701,1034.76062,-299.77576,52.77362,1077.04041,-421.40408,-110.58562,1038.41272,-427.52966,16.23199,1049.42017,-473.88309,-123.73265,941.29779
50,0.408,-281.54721,-150.08701,1034.76062,-300.27176,52.93032,1076.953,-421.40408,-110.58562,1038.41272,-427.70364,15.93895,1049.44238,-474.15002,-123.61005,941.13867
51,0.417,-281.49011,-150.16446,1034.68433,-299.77576,52.77362,1077.04041,-421.40408,-110.58562,1038.41272,-427.70364,15.93895,1049.44238,-473.88309,-123.73265,941.29779
52,0.425,-281.54721,-150.08701,1034.76062,-299.77576,52.77362,1077.04041,-421.40408,-110.58562,1038.41272,-427.70364,15.93895,1049.44238,-473.95114,-123.50585,941.08386
53,0.433,-281.75238,-149.81609,1034.36426,-300.27176,52.93032,1076.953,-421.48508,-110.45712,1038.24512,-427.70364,15.93895,1049.44238,-474.15665,-123.51048,940.88116
54,0.442,-281.63062,-149.91956,1034.55725,-300.27176,52.93032,1076.953,-421.36499,-110.47823,1038.22314,-428.02036,15.50369,1049.5271,-474.17126,-123.71254,940.81854
55,0.45,-282.12799,-149.55771,1034.00562,-300.27176,52.93032,1076.953,-421.48508,-110.45712,1038.24512,-428.17731,15.19028,1049.40515,-474.35956,-123.52484,941.04236
56,0.458,-281.83575,-149.64864,1034.16077,-300.27176,52.93032,1076.953,-421.44598,-110.34976,1038.05554,-428.17731,15.19028,1049.40515,-474.15665,-123.51048,940.88116
57,0.467,-282.05441,-149.40111,1033.82849,-301.01529,52.49611,1076.71436,-421.32208,-110.75101,1038.49829,-428.02036,15.50369,1049.5271,-474.06339,-123.7869,940.79559
58,0.475,-282.05441,-149.40111,1033.82849,-301.01529,52.49611,1076.71436,-421.29584,-110.20542,1038.23291,-427.70364,15.93895,1049.44238,-474.22009,-123.68349,941.3371
59,0.483,-282.05441,-149.40111,1033.82849,-301.01529,52.49611,1076.71436,-421.33493,-110.31278,1038.42249,-427.70364,15.93895,1049.44238,-474.09659,-124.0391,941.28992
60,0.492,-282.05441,-149.40111,1033.82849,-301.01529,52.49611,1076.71436,-421.48508,-110.45712,1038.24512,-428.02036,15.50369,1049.5271,-474.48706,-123.56079,941.17804
61,0.5,-282.17395,-149.47621,1034.1012,-301.01529,52.49611,1076.71436,-421.94666,-110.24289,1037.95447,-428.45428,14.78596,1049.43823,-474.5047,-124.16149,941.1839
62,0.508,-282.39557,-149.60417,1034.00293,-301.59824,52.5349,1076.98608,-421.48508,-110.45712,1038.24512,-428.39444,14.10134,1049.33154,-474.42715,-124.01451,940.96222
63,0.517,-282.44153,-149.52267,1034.09851,-302.02185,52.18243,1077.05896,-421.48508,-110.45712,1038.24512,-428.23846,14.52919,1049.63904,-474.83716,-124.4082,941.06641
64,0.525,-282.38419,-149.50233,1034.19727,-301.43893,52.14371,1076.78735,-421.48508,-110.45712,1038.24512,-427.92148,14.96407,1049.5542,-474.85382,-124.49837,941.31305
65,0.533,-282.63486,-149.63535,1033.98694,-302.02185,52.18243,1077.05896,-421.94666,-110.24289,1037.95447,-427.92148,14.96407,1049.5542,-474.94708,-124.22192,941.39868
66,0.542,-282.25507,-149.84906,1034.13,-302.02185,52.18243,1077.05896,-421.94666,-110.24289,1037.95447,-428.2775,14.38423,1049.50525,-474.94708,-124.22192,941.39868
67,0.55,-282.40671,-150.05447,1034.67358,-302.02185,52.18243,1077.05896,-421.95483,-110.2541,1038.08801,-428.39444,14.10134,1049.33154,-474.94708,-124.22192,941.39868
68,0.558,-282.55405,-150.24863,1034.46655,-302.02185,52.18243,1077.05896,-421.94666,-110.24289,1037.95447,-428.26233,13.99495,1049.72937,-474.80896,-124.37559,941.41418
69,0.567,-283.11023,-149.6041,1033.94421,-302.02185,52.18243,1077.05896,-421.94666,-110.24289,1037.95447,-428.39444,14.10134,1049.33154,-474.85382,-124.49837,941.31305
70,0.575,-282.77637,-149.73631,1034.18274,-302.02185,52.18243,1077.05896,-421.95483,-110.2541,1038.08801,-428.39444,14.10134,1049.33154,-474.85382,-124.49837,941.31305
71,0.583,-283.09689,-149.57668,1033.97668,-302.02185,52.18243,1077.05896,-421.95483,-110.2541,1038.08801,-428.39444,14.10134,1049.33154,-474.85382,-124.49837,941.31305
72,0.592,-283.06409,-149.65016,1033.88123,-302.02185,52.18243,1077.05896,-421.94666,-110.24289,1037.95447,-428.39444,14.10134,1049.33154,-474.85382,-124.49837,941.31305
73,0.6,-283.25748,-149.76277,1033.76965,-302.02185,52.18243,1077.05896,-421.9454,-110.49737,1037.78674,-428.11746,14.50566,1049.29846,-474.85382,-124.49837,941.31305
74,0.608,-283.33014,-149.91992,1033.65051,-302.02185,52.18243,1077.05896,-422.02209,-110.24359,1037.87964,-428.39444,14.10134,1049.33154,-474.94376,-124.36095,940.9975
75,0.617,-283.33014,-149.91992,1033.65051,-302.02185,52.18243,1077.05896,-422.02209,-110.24359,1037.87964,-428.53149,13.97078,1049.26379,-474.94376,-124.36095,940.9975
76,0.625,-283.33014,-149.91992,1033.65051,-302.02185,52.18243,1077.05896,-422.02209,-110.24359,1037.87964,-428.53149,13.97078,1049.26379,-474.94376,-124.36095,940.9975
77,0.633,-283.33014,-149.91992,1033.65051,-302.02185,52.18243,1077.05896,-421.99319,-110.41167,1037.58228,-428.53149,13.97078,1049.26379,-474.94376,-124.36095,940.9975
78,0.642,-283.33014,-149.91992,1033.65051,-302.02185,52.18243,1077.05896,-421.99319,-110.41167,1037.58228,-428.53149,13.97078,1049.26379,-474.94376,-124.36095,940.9975
79,0.65,-283.33014,-149.91992,1033.65051,-302.02185,52.18243,1077.05896,-421.57114,-110.56149,1037.73035,-428.53149,13.97078,1049.26379,-474.94376,-124.36095,940.9975
80,0.658,-283.33014,-149.91992,1033.65051,-302.07941,51.16443,1076.87781,-421.57114,-110.56149,1037.73035,-428.63031,14.51038,1049.23669,-475.03705,-124.08452,941.08313
81,0.667,-283.33014,-149.91992,1033.65051,-302.07941,51.16443,1076.87781,-422.18094,-110.31073,1037.62439,-428.66464,14.265,1049.14648,-475.03705,-124.08452,941.08313
82,0.675,-283.33014,-149.91992,1033.65051,-302.50327,50.81191,1076.95068,-422.18094,-110.31073,1037.62439,-428.66464,14.265,1049.14648,-474.95892,-123.87531,941.00317
83,0.683,-283.33014,-149.91992,1033.65051,-302.50327,50.81191,1076.95068,-421.99319,-110.41167,1037.58228,-428.8017,14.13456,1049.07874,-474.94376,-124.36095,940.9975
84,0.692,-283.33014,-149.91992,1033.65051,-303.24725,50.37794,1076.7124,-421.57114,-110.56149,1037.73035,-428.8017,14.13456,1049.07874,-474.94376,-124.36095,940.9975
85,0.7,-283.28494,-150.03384,1033.42004,-303.24725,50.37794,1076.7124,-421.89371,-110.43304,1037.77722,-428.8017,14.13456,1049.07874,-474.86563,-124.15174,940.9176
86,0.708,-283.28494,-150.03384,1033.42004,-303.24725,50.37794,1076.7124,-421.89371,-110.43304,1037.77722,-428.89481,14.32395,1049.146,-475.07968,-124.40434,940.91724
87,0.717,-283.28494,-150.03384,1033.42004,-303.24725,50.37794,1076.7124,-421.89371,-110.43304,1037.77722,-428.89481,14.32395,1049.146,-475.07968,-124.40434,940.91724
88,0.725,-283.33237,-150.17249,1033.34082,-303.92746,50.49282,1076.8501,-422.07562,-110.75031,1037.89563,-428.89481,14.32395,1049.146,-475.17294,-124.1279,941.00281
89,0.733,-283.33237,-150.17249,1033.34082,-303.92746,50.49282,1076.8501,-422.18445,-111.00112,1037.98096,-428.8017,14.13456,1049.07874,-475.17557,-124.04731,940.83057
90,0.742,-283.52567,-150.28517,1033.22925,-303.92746,50.49282,1076.8501,-422.81635,-110.99586,1037.02625,-428.89481,14.32395,1049.146,-475.12473,-124.38024,940.65326
91,0.75,-283.52567,-150.28517,1033.22925,-303.92746,50.49282,1076.8501,-422.7579,-111.47278,1037.67773,-428.89481,14.32395,1049.146,-475.12473,-124.38024,940.65326
92,0.758,-283.94733,-150.23203,1033.13489,-303.92746,50.49282,1076.8501,-423.0376,-111.30186,1037.05212,-428.91754,14.12063,1048.98242,-475.31851,-124.37363,940.20483
93,0.767,-283.70575,-150.37038,1033.15027,-303.92746,50.49282,1076.8501,-422.79099,-111.02151,1036.85083,-428.91754,14.12063,1048.98242,-475.31851,-124.37363,940.20483
94,0.775,-283.94733,-150.23203,1033.13489,-303.92746,50.49282,1076.8501,-422.79099,-111.02151,1036.85083,-428.91754,14.12063,1048.98242,-475.21207,-124.29146,939.9317
95,0.783,-283.94733,-150.23203,1033.13489,-303.98416,49.47441,1076.66907,-422.78284,-111.01029,1036.71729,-429.05231,14.58838,1048.91223,-475.52631,-124.61994,939.83728
96,0.792,-284.16818,-150.12712,1033.08252,-304.03433,49.96247,1076.59375,-423.02209,-111.10822,1036.59497,-429.22632,14.20973,1049.02759,-475.75015,-124.50614,939.54645
97,0.8,-284.36172,-150.3264,1033.15869,-304.09094,48.94403,1076.41272,-423.3815,-111.13614,1036.44165,-429.57443,14.16899,1049.24939,-476.21625,-125.2081,939.35901
98,0.808,-284.54556,-150.26349,1033.07166,-304.03433,49.96247,1076.59375,-423.82324,-111.16898,1036.06885,-429.57452,14.25486,1049.15662,-476.29474,-124.90826,939.26929
99,0.817,-284.54556,-150.26349,1033.07166,-304.09094,48.94403,1076.41272,-424.06308,-111.11978,1036.07556,-429.5621,14.30345,1048.97998,-476.62619,-125.08888,939.26038
100,0.825,-284.54556,-150.26349,1033.07166,-304.198,48.41364,1076.15637,-424.28104,-111.11609,1036.07825,-429.59448,14.53576,1048.94055,-476.62619,-125.08888,939.26038
101,0.833,-284.92972,-150.36185,1033.02258,-304.14142,49.43212,1076.33752,-424.36993,-111.47261,1036.05701,-429.59448,14.53576,1048.94055,-476.39807,-124.72563,939.34442
102,0.842,-284.80243,-150.35681,1032.83557,-304.198,48.41364,1076.15637,-424.70908,-111.09033,1036.08887,-430.03943,14.80136,1049.01892,-476.55368,-124.45684,939.2818
103,0.85,-284.9346,-150.16226,1032.70947,-304.14142,49.43212,1076.33752,-424.78888,-110.95211,1035.99109,-430.66037,15.09069,1048.34644,-477.58209,-124.60338,939.11523
104,0.858,-285.06192,-150.16731,1032.89648,-304.198,48.41364,1076.15637,-424.68954,-111.28506,1035.96594,-430.66037,15.09069,1048.34644,-477.58209,-124.60338,939.11523
105,0.867,-285.34039,-150.2119,1032.89929,-304.14142,49.43212,1076.33752,-424.74039,-111.27565,1035.87744,-430.77716,14.81344,1048.16699,-477.58209,-124.60338,939.11523
106,0.875,-285.34039,-150.2119,1032.89929,-304.5542,48.55373,1076.02344,-424.74039,-111.27565,1035.87744,-430.77716,14.81344,1048.16699,-477.58209,-124.60338,939.11523
107,0.883,-285.34039,-150.2119,1032.89929,-304.5542,48.55373,1076.02344,-424.74039,-111.27565,1035.87744,-430.66037,15.09069,1048.34644,-477.6214,-124.41096,938.96674
108,0.892,-285.21307,-150.20686,1032.71228,-304.49753,49.57218,1076.20459,-424.93787,-110.87852,1035.76367,-430.68393,14.56382,1048.60498,-477.6214,-124.41096,938.96674
109,0.9,-285.45471,-150.26959,1032.68042,-304.5542,48.55373,1076.02344,-424.93787,-110.87852,1035.76367,-431.41998,14.66456,1048.67493,-477.6214,-124.41096,938.96674
110,0.908,-285.42484,-150.35985,1032.54431,-304.5542,48.55373,1076.02344,-424.93787,-110.87852,1035.76367,-431.41998,14.66456,1048.67493,-477.68448,-124.24481,938.8811
111,0.917,-285.42484,-150.35985,1032.54431,-304.49753,49.57218,1076.20459,-425.09204,-111.51917,1035.6665,-430.77042,14.51998,1048.50903,-477.82397,-124.13337,938.67285
112,0.925,-285.54666,-150.38655,1032.38855,-304.5542,48.55373,1076.02344,-425.09204,-111.51917,1035.6665,-431.34262,14.62082,1048.65845,-477.82397,-124.13337,938.67285
113,0.933,-285.57233,-150.42427,1032.29346,-304.49753,49.57218,1076.20459,-425.17734,-111.6174,1035.50378,-431.34262,14.62082,1048.65845,-477.82895,-124.24996,938.57477
114,0.942,-285.80405,-150.64453,1032.32385,-304.5542,48.55373,1076.02344,-425.17734,-111.6174,1035.50378,-431.34262,14.62082,1048.65845,-477.82895,-124.24996,938.57477
115,0.95,-285.88235,-150.6906,1031.93945,-304.5542,48.55373,1076.02344,-425.38223,-111.81248,1035.49377,-431.40118,14.60173,1048.54395,-477.99774,-124.22044,938.69574
116,0.958,-285.95688,-150.74565,1032.11938,-304.5542,48.55373,1076.02344,-425.41623,-111.90263,1035.41748,-431.40118,14.60173,1048.54395,-477.99774,-124.22044,938.69574
117,0.967,-285.95688,-150.74565,1032.11938,-304.5542,48.55373,1076.02344,-425.60422,-111.80116,1035.45984,-431.55057,14.77593,1048.06482,-478.05988,-124.18011,938.58948
118,0.975,-286.13019,-150.50587,1031.8479,-304.5542,48.55373,1076.02344,-425.48697,-111.80045,1035.39282,-430.98978,14.67897,1048.1687,-478.05988,-124.18011,938.58948
119,0.983,-286.13019,-150.50587,1031.8479,-304.5542,48.55373,1076.02344,-425.71304,-111.9425,1035.70691,-431.47424,14.75671,1048.33838,-478.1564,-124.36448,938.44373
120,0.992,-286.50027,-150.31139,1031.7937,-305.3902,48.88547,1075.77991,-425.94412,-111.90988,1035.83765,-431.47424,14.75671,1048.33838,-478.1564,-124.36448,938.44373
121,1,-286.56583,-150.61681,1031.71863,-305.3902,48.88547,1075.77991,-425.94412,-111.90988,1035.83765,-431.58383,14.75437,1048.1665,-478.33704,-124.25903,938.27594
122,1.008,-286.81549,-150.31087,1031.86987,-305.3902,48.88547,1075.77991,-425.94412,-111.90988,1035.83765,-431.58383,14.75437,1048.1665,-478.33704,-124.25903,938.27594
123,1.017,-287.55783,-150.82524,1031.82666,-304.93604,48.8783,1075.50806,-425.94412,-111.90988,1035.83765,-431.85141,14.89628,1048.15894,-478.34018,-124.49258,938.13141
124,1.025,-287.30737,-150.74904,1031.87573,-305.3902,48.88547,1075.77991,-426.49161,-111.33883,1035.71729,-431.85141,14.89628,1048.15894,-478.34018,-124.49258,938.13141
125,1.033,-287.89734,-150.87071,1031.8429,-305.3902,48.88547,1075.77991,-426.617,-111.48291,1035.3761,-432.46774,14.72606,1047.83594,-478.58997,-124.64282,937.89642
126,1.042,-287.68295,-150.8456,1031.99365,-305.3902,48.88547,1075.77991,-426.58508,-111.20856,1035.60693,-432.40665,14.34568,1047.66943,-478.6655,-124.65372,937.81213
127,1.05,-287.89734,-150.87071,1031.8429,-305.3902,48.88547,1075.77991,-426.93677,-111.33916,1035.41394,-432.40665,14.34568,1047.66943,-478.67929,-124.75725,937.71582
128,1.058,-288.2742,-150.8447,1032.13647,-305.3902,48.88547,1075.77991,-426.40393,-111.56606,1035.59985,-432.80197,14.08509,1047.84949,-478.69586,-124.84696,937.96246
129,1.067,-288.14905,-150.82439,1031.96948,-305.86212,49.04668,1075.66687,-426.63028,-111.55257,1035.74792,-432.40665,14.34568,1047.66943,-478.69586,-124.84696,937.96246
130,1.075,-288.14905,-150.82439,1031.96948,-305.86212,49.04668,1075.66687,-426.40393,-111.56606,1035.59985,-433.21658,13.98095,1047.29224,-478.71521,-125.00113,937.89966
131,1.083,-288.14905,-150.82439,1031.96948,-307.01819,48.97379,1075.49902,-426.8114,-111.1951,1035.755,-434.15546,13.31002,1047.57764,-478.69864,-124.91142,937.65308
132,1.092,-288.2742,-150.8447,1032.13647,-307.83295,48.48071,1075.27283,-426.93677,-111.33916,1035.41394,-434.15546,13.31002,1047.57764,-478.69864,-124.91142,937.65308
133,1.1,-288.36057,-150.72952,1031.90955,-307.83295,48.48071,1075.27283,-427.27502,-111.60511,1035.79175,-434.15546,13.31002,1047.57764,-479.20224,-124.95055,937.91309
134,1.108,-288.36057,-150.72952,1031.90955,-307.83295,48.48071,1075.27283,-427.30182,-112.09572,1035.73352,-434.15546,13.31002,1047.57764,-479.20169,-125.26208,937.85309
135,1.117,-288.36057,-150.72952,1031.90955,-307.83295,48.48071,1075.27283,-427.31183,-112.03962,1035.11365,-434.21353,13.42778,1047.3783,-479.32504,-125.32592,937.73383
136,1.125,-288.57019,-150.75293,1031.97974,-308.48636,49.30025,1075.67981,-427.31183,-112.03962,1035.11365,-434.21353,13.42778,1047.3783,-479.32504,-125.32592,937.73383
137,1.133,-288.81464,-150.35063,1031.97388,-308.48636,49.30025,1075.67981,-427.34869,-112.2417,1035.01904,-434.21353,13.42778,1047.3783,-479.32504,-125.32592,937.73383
138,1.142,-288.68948,-150.33034,1031.80676,-308.48636,49.30025,1075.67981,-427.59894,-111.69839,1034.83972,-434.58963,13.92018,1047.21399,-479.43872,-125.18943,937.58661
139,1.15,-288.68948,-150.33034,1031.80676,-308.48636,49.30025,1075.67981,-427.87787,-111.72446,1034.6344,-434.57199,13.7463,1047.02588,-479.89706,-125.54221,937.58398
140,1.158,-288.68948,-150.33034,1031.80676,-308.48636,49.30025,1075.67981,-428.61972,-112.47858,1034.56653,-434.57199,13.7463,1047.02588,-480.53342,-125.33243,937.41852
141,1.167,-288.9006,-150.40668,1031.74817,-308.48636,49.30025,1075.67981,-428.61972,-112.47858,1034.56653,-434.52359,13.86878,1046.81531,-480.42273,-125.70282,937.42126
142,1.175,-289.28314,-150.24835,1031.61646,-309.65329,49.58815,1075.68628,-428.9021,-112.26943,1034.46399,-434.52359,13.86878,1046.81531,-480.47098,-125.56422,937.28772
143,1.183,-289.40829,-150.26866,1031.78357,-309.80832,49.92641,1075.51404,-429.04535,-112.10741,1034.50708,-434.57956,13.63047,1046.70154,-480.94556,-125.29663,937.32007
144,1.192,-289.5257,-150.42905,1031.55066,-309.80832,49.92641,1075.51404,-429.25342,-111.2445,1034.29651,-434.52359,13.86878,1046.81531,-480.43314,-125.20798,937.1955
145,1.2,-289.99304,-150.48715,1031.74561,-309.80832,49.92641,1075.51404,-428.92712,-110.95819,1034.48755,-434.52359,13.86878,1046.81531,-480.91351,-124.75002,937.18628
146,1.208,-290.12704,-150.37184,1031.80615,-311.00543,49.37812,1075.79199,-429.75836,-111.49158,1034.34497,-434.78336,13.93584,1046.72742,-481.23361,-124.44806,936.96271
147,1.217,-290.41586,-150.33308,1031.93079,-311.00543,49.37812,1075.79199,-429.94574,-111.53606,1034.27148,-434.78336,13.93584,1046.72742,-481.7131,-124.25898,937.24133
148,1.225,-290.86172,-150.52991,1032.16467,-311.00543,49.37812,1075.79199,-429.94574,-111.53606,1034.27148,-434.83932,13.69755,1046.61353,-482.09778,-124.45997,937.28717
149,1.233,-290.86172,-150.52991,1032.16467,-310.94739,50.3975,1075.97302,-429.94574,-111.53606,1034.27148,-434.83932,13.69755,1046.61353,-481.90527,-124.44284,937.35663
150,1.242,-290.86172,-150.52991,1032.16467,-310.94739,50.3975,1075.97302,-430.22797,-111.60094,1034.32275,-434.78336,13.93584,1046.72742,-481.90527,-124.44284,937.35663
151,1.25,-290.86172,-150.52991,1032.16467,-310.94739,50.3975,1075.97302,-430.22797,-111.60094,1034.32275,-434.83932,13.69755,1046.61353,-481.87347,-123.8963,937.2229
152,1.258,-290.86172,-150.52991,1032.16467,-310.94739,50.3975,1075.97302,-430.22797,-111.60094,1034.32275,-435.51364,13.94432,1046.71021,-481.87347,-123.8963,937.2229
153,1.267,-291.08569,-150.41492,1032.12756,-310.94739,50.3975,1075.97302,-430.22797,-111.60094,1034.32275,-435.51364,13.94432,1046.71021,-481.87347,-123.8963,937.2229
154,1.275,-291.08569,-150.41492,1032.12756,-310.94739,50.3975,1075.97302,-430.22797,-111.60094,1034.32275,-435.51364,13.94432,1046.71021,-482.01605,-124.07243,937.35388
155,1.283,-291.237,-150.36826,1031.9502,-311.17447,50.38292,1075.63049,-430.22797,-111.60094,1034.32275,-436.22656,13.80479,1046.24255,-482.2153,-124.34693,936.95416
156,1.292,-290.95541,-150.21765,1031.96997,-310.94739,50.3975,1075.97302,-430.22797,-111.60094,1034.32275,-435.99536,13.7436,1046.13708,-482.47772,-124.70261,937.07782
157,1.3,-291.10669,-150.17097,1031.7926,-310.94739,50.3975,1075.97302,-430.22797,-111.60094,1034.32275,-436.22656,13.80479,1046.24255,-482.2153,-124.34693,936.95416
158,1.308,-291.13745,-150.08841,1031.58057,-311.07486,50.64524,1075.05286,-430.51025,-111.66599,1034.37415,-435.91992,14.06364,1045.17358,-481.95319,-123.99077,936.83057
159,1.317,-291.13745,-150.08841,1031.58057,-311.60806,50.5094,1074.53455,-430.67523,-111.33337,1034.35364,-435.91992,14.06364,1045.17358,-481.85696,-123.80666,936.9762
160,1.325,-291.45618,-149.76993,1031.46338,-311.60806,50.5094,1074.53455,-430.67523,-111.33337,1034.35364,-436.05759,14.27525,1045.38782,-481.95319,-123.99077,936.83057
161,1.333,-291.80307,-149.65735,1031.08862,-311.60806,50.5094,1074.53455,-430.67523,-111.33337,1034.35364,-436.64728,14.31616,1045.38879,-482.27371,-124.34358,936.84821
162,1.342,-291.80307,-149.65735,1031.08862,-311.36319,50.89753,1074.12646,-430.75714,-111.16842,1034.26819,-437.04501,14.42657,1045.45935,-482.6196,-124.67771,936.90576
163,1.35,-291.90811,-149.45403,1031.13147,-311.36319,50.89753,1074.12646,-430.75714,-111.16842,1034.26819,-437.04501,14.42657,1045.45935,-482.6196,-124.67771,936.90576
164,1.358,-291.90811,-149.45403,1031.13147,-311.76514,51.71894,1074.02209,-430.75714,-111.16842,1034.26819,-436.71469,14.60838,1045.20886,-482.53796,-124.21704,936.61432
165,1.367,-292.04926,-149.20955,1031.00452,-311.82465,50.69921,1073.84021,-430.75714,-111.16842,1034.26819,-436.71469,14.60838,1045.20886,-482.53796,-124.21704,936.61432
166,1.375,-292.04926,-149.20955,1031.00452,-312.26419,51.53018,1073.70593,-430.75714,-111.16842,1034.26819,-436.5834,14.43367,1044.95642,-482.27594,-123.86089,936.49066
167,1.383,-292.04926,-149.20955,1031.00452,-312.20453,52.54988,1073.8877,-431.26245,-110.98474,1034.07288,-437.15802,14.50055,1045.71021,-482.27594,-123.86089,936.49066
168,1.392,-292.04926,-149.20955,1031.00452,-312.20453,52.54988,1073.8877,-430.75714,-111.16842,1034.26819,-436.65869,14.8467,1045.32275,-482.58627,-124.07826,936.4809
169,1.4,-292.04926,-149.20955,1031.00452,-312.20453,52.54988,1073.8877,-431.46698,-110.91488,1034.005,-437.63239,14.51888,1045.71106,-482.83282,-124.05896,936.57947
170,1.408,-292.04926,-149.20955,1031.00452,-312.20453,52.54988,1073.8877,-430.75714,-111.16842,1034.26819,-436.65869,14.8467,1045.32275,-482.8486,-124.43388,936.60455
171,1.417,-292.04926,-149.20955,1031.00452,-312.20453,52.54988,1073.8877,-431.44247,-110.70345,1034.08289,-437.59842,14.76397,1045.80103,-482.58627,-124.07826,936.4809
172,1.425,-292.04926,-149.20955,1031.00452,-312.20453,52.54988,1073.8877,-430.72021,-110.96615,1034.36279,-436.91837,14.91366,1045.23474,-482.58627,-124.07826,936.4809
173,1.433,-292.04926,-149.20955,1031.00452,-312.20453,52.54988,1073.8877,-431.44247,-110.70345,1034.08289,-437.57892,15.06262,1045.57483,-482.32425,-123.72216,936.35724
174,1.442,-292.19321,-148.95204,1031.12012,-312.20453,52.54988,1073.8877,-431.44247,-110.70345,1034.08289,-437.96133,15.19162,1045.74817,-482.32425,-123.72216,936.35724
175,1.45,-292.19321,-148.95204,1031.12012,-312.20453,52.54988,1073.8877,-430.99182,-110.76614,1034.31787,-437.133,15.23474,1045.30737,-482.58627,-124.07826,936.4809
176,1.458,-292.22458,-148.73186,1031.01318,-312.20453,52.54988,1073.8877,-431.59781,-110.53793,1034.06299,-438.13803,15.45127,1045.80396,-482.58627,-124.07826,936.4809
177,1.467,-292.28937,-148.65208,1031.08545,-312.20453,52.54988,1073.8877,-430.99182,-110.76614,1034.31787,-438.30063,15.28888,1045.94995,-482.8486,-124.43388,936.60455
178,1.475,-292.28937,-148.65208,1031.08545,-312.20453,52.54988,1073.8877,-431.74561,-110.32494,1033.59326,-438.82028,15.73989,1045.71838,-483.09509,-124.41454,936.70306
179,1.483,-292.74765,-148.15295,1030.92175,-312.20453,52.54988,1073.8877,-431.59781,-110.53793,1034.06299,-438.82028,15.73989,1045.71838,-482.66168,-123.78821,936.38684
180,1.492,-292.74765,-148.15295,1030.92175,-312.20453,52.54988,1073.8877,-431.65424,-110.37591,1034.16895,-438.3457,15.72178,1045.71765,-482.32425,-123.72216,936.35724
181,1.5,-292.52255,-147.69109,1031.02637,-312.20453,52.54988,1073.8877,-431.44971,-110.44582,1034.23694,-438.3457,15.72178,1045.71765,-482.32425,-123.72216,936.35724
182,1.508,-292.52255,-147.69109,1031.02637,-312.20453,52.54988,1073.8877,-431.59781,-110.53793,1034.06299,-438.82028,15.73989,1045.71838,-482.58627,-124.07826,936.4809
183,1.517,-292.7403,-147.86299,1030.98572,-312.07776,52.65215,1073.54248,-431.39328,-110.60784,1034.13098,-438.50827,15.55937,1045.86365,-482.8486,-124.43388,936.60455
184,1.525,-292.94568,-147.59134,1030.58801,-312.07776,52.65215,1073.54248,-431.44971,-110.44582,1034.23694,-438.98279,15.57752,1045.86438,-482.8486,-124.43388,936.60455
185,1.533,-292.94568,-147.59134,1030.58801,-312.20453,52.54988,1073.8877,-431.65424,-110.37591,1034.16895,-438.98279,15.57752,1045.86438,-483.09509,-124.41454,936.70306
186,1.542,-292.72787,-147.41943,1030.62866,-312.07776,52.65215,1073.54248,-431.60068,-110.32442,1034.00647,-438.82028,15.73989,1045.71838,-482.8486,-124.43388,936.60455
187,1.55,-292.72787,-147.41943,1030.62866,-312.07776,52.65215,1073.54248,-431.44971,-110.44582,1034.23694,-438.82028,15.73989,1045.71838,-482.58627,-124.07826,936.4809
188,1.558,-292.72787,-147.41943,1030.62866,-312.07776,52.65215,1073.54248,-431.44971,-110.44582,1034.23694,-438.76706,15.93477,1045.90857,-482.58627,-124.07826,936.4809
189,1.567,-292.72787,-147.41943,1030.62866,-312.07776,52.65215,1073.54248,-431.19247,-110.59227,1034.47266,-438.29242,15.91668,1045.90784,-482.58627,-124.07826,936.4809
190,1.575,-292.72787,-147.41943,1030.62866,-311.65234,52.67519,1073.21082,-431.52444,-110.21321,1034.31396,-438.50827,15.55937,1045.86365,-482.8486,-124.43388,936.60455
191,1.583,-292.72787,-147.41943,1030.62866,-311.65234,52.67519,1073.21082,-431.52444,-110.21321,1034.31396,-438.49152,15.76548,1046.16589,-482.8486,-124.43388,936.60455
192,1.592,-292.72787,-147.41943,1030.62866,-311.65234,52.67519,1073.21082,-431.19247,-110.59227,1034.47266,-439.21255,15.85945,1045.90149,-483.09509,-124.41454,936.70306
193,1.6,-292.72787,-147.41943,1030.62866,-311.65234,52.67519,1073.21082,-431.65424,-110.37591,1034.16895,-439.21255,15.85945,1045.90149,-483.09509,-124.41454,936.70306
194,1.608,-292.72787,-147.41943,1030.62866,-311.65234,52.67519,1073.21082,-431.52444,-110.21321,1034.31396,-439.01358,16.01063,1045.64343,-482.83282,-124.05896,936.57947
195,1.617,-292.72787,-147.41943,1030.62866,-311.65234,52.67519,1073.21082,-431.26721,-110.35966,1034.5498,-438.76706,15.93477,1045.90857,-482.37067,-123.71418,936.63385
196,1.625,-292.75784,-147.3291,1030.76514,-311.65234,52.67519,1073.21082,-431.52444,-110.21321,1034.31396,-438.33194,15.74395,1046.05652,-482.71198,-123.80669,936.77814
197,1.633,-292.72787,-147.41943,1030.62866,-311.65234,52.67519,1073.21082,-431.52444,-110.21321,1034.31396,-438.80652,15.76207,1046.05737,-483.18591,-124.14903,936.79291
198,1.642,-292.72787,-147.41943,1030.62866,-311.65234,52.67519,1073.21082,-431.72897,-110.14329,1034.24597,-439.05301,15.8379,1045.79211,-483.18591,-124.14903,936.79291
199,1.65,-292.86243,-146.88489,1030.5658,-311.94705,52.82956,1073.00317,-431.52444,-110.21321,1034.31396,-439.18558,15.94216,1045.39404,-482.93939,-124.1684,936.69434
200,1.658,-292.76685,-147.13715,1030.63477,-311.65234,52.67519,1073.21082,-431.46054,-109.90485,1033.75378,-438.90094,15.87645,1045.61487,-482.8486,-124.43388,936.60455
201,1.667,-292.86243,-146.88489,1030.5658,-311.94705,52.82956,1073.00317,-431.26721,-110.35966,1034.5498,-438.03174,16.17166,1045.65662,-482.46149,-123.44871,936.72363
202,1.675,-292.86243,-146.88489,1030.5658,-311.94705,52.82956,1073.00317,-431.52444,-110.21321,1034.31396,-438.64346,16.53315,1046.05493,-482.53931,-123.29093,936.77179
203,1.683,-292.86243,-146.88489,1030.5658,-311.29004,53.33828,1072.96301,-431.35632,-110.13018,1034.2793,-439.07571,16.51824,1045.20142,-482.46149,-123.44871,936.72363
204,1.692,-292.64166,-147.11684,1030.46753,-311.29004,53.33828,1072.96301,-431.09909,-110.27662,1034.51501,-439.18558,15.94216,1045.39404,-482.93939,-124.1684,936.69434
205,1.7,-292.64001,-146.88013,1030.22913,-311.25345,53.45772,1072.63403,-430.86938,-110.15726,1034.08057,-438.28409,15.82534,1045.72461,-482.8486,-124.43388,936.60455
206,1.708,-292.64001,-146.88013,1030.22913,-311.25345,53.45772,1072.63403,-430.83453,-110.12839,1034.39783,-438.28409,15.82534,1045.72461,-482.92639,-124.27613,936.65271
207,1.717,-292.69489,-146.88802,1030.02319,-311.25345,53.45772,1072.63403,-431.05392,-109.89651,1033.92041,-438.98657,16.09332,1045.13586,-482.95413,-123.98862,936.69977
208,1.725,-292.6377,-146.72145,1029.79968,-311.25345,53.45772,1072.63403,-431.16464,-109.44094,1033.61121,-439.07571,16.51824,1045.20142,-482.78595,-123.27162,936.87042
209,1.733,-292.42722,-146.52673,1029.78345,-311.25345,53.45772,1072.63403,-430.74127,-109.36485,1034.29236,-439.02267,16.71328,1045.39148,-482.70813,-123.42942,936.82227
210,1.742,-292.42722,-146.52673,1029.78345,-310.85172,53.82862,1072.49182,-430.63004,-109.26982,1033.9856,-438.79102,16.4525,1045.42224,-482.48703,-123.0666,936.74573
211,1.75,-292.42722,-146.52673,1029.78345,-310.85172,53.82862,1072.49182,-430.80215,-109.9897,1034.02222,-438.17401,16.40141,1045.53198,-482.70328,-123.53127,936.57355
212,1.758,-292.42722,-146.52673,1029.78345,-310.85172,53.82862,1072.49182,-430.80402,-109.88892,1033.78259,-438.17401,16.40141,1045.53198,-482.95413,-123.98862,936.69977
213,1.767,-292.1113,-146.52715,1029.70703,-310.85172,53.82862,1072.49182,-430.70901,-110.02581,1034.08472,-438.79102,16.4525,1045.42224,-483.28409,-123.75881,936.84564
214,1.775,-292.1113,-146.52715,1029.70703,-310.85172,53.82862,1072.49182,-430.67218,-110.19138,1034.49146,-439.07571,16.51824,1045.20142,-482.95413,-123.98862,936.69977
215,1.783,-292.1113,-146.52715,1029.70703,-310.85172,53.82862,1072.49182,-430.37814,-109.36296,1034.0874,-438.87692,16.66999,1044.94336,-482.33859,-122.97763,936.56384
216,1.792,-292.1113,-146.52715,1029.70703,-310.85172,53.82862,1072.49182,-430.18256,-109.07098,1034.04407,-437.32632,16.55566,1045.16211,-482.50543,-122.33927,936.55127
217,1.8,-291.82217,-146.56596,1029.58215,-310.85172,53.82862,1072.49182,-430.18256,-109.07098,1034.04407,-436.97812,16.59711,1044.94019,-482.53128,-122.08312,936.70197
218,1.808,-291.47961,-146.52811,1029.55432,-310.85172,53.82862,1072.49182,-430.18256,-109.07098,1034.04407,-437.75397,16.92629,1044.91907,-482.66504,-122.31046,936.83966
219,1.817,-291.47961,-146.52811,1029.55432,-310.85172,53.82862,1072.49182,-430.11682,-109.31606,1034.11511,-438.00073,16.69343,1045.50928,-482.81131,-123.07159,936.77258
220,1.825,-291.26819,-146.45171,1029.61304,-310.85172,53.82862,1072.49182,-430.11682,-109.31606,1034.11511,-437.35196,16.69588,1045.39746,-482.53091,-122.81699,937.02405
221,1.833,-291.27512,-146.30296,1029.46863,-310.85172,53.82862,1072.49182,-429.68738,-109.55508,1034.49475,-436.80463,16.88921,1044.91736,-482.53091,-122.81699,937.02405
222,1.842,-290.81271,-145.884,1029.43347,-310.85172,53.82862,1072.49182,-429.54672,-109.40279,1034.59375,-436.78772,17.09489,1045.2196,-482.11362,-122.53658,937.19885
223,1.85,-290.81271,-145.884,1029.43347,-310.85172,53.82862,1072.49182,-429.46695,-109.10699,1034.57947,-436.80463,16.88921,1044.91736,-482.06534,-122.67528,937.33228
224,1.858,-290.81271,-145.884,1029.43347,-310.31982,54.08585,1072.76611,-429.14282,-109.24131,1034.55066,-436.80463,16.88921,1044.91736,-482.06534,-122.67528,937.33228
225,1.867,-290.6264,-145.95972,1029.50024,-310.85172,53.82862,1072.49182,-429.34323,-109.38398,1034.70068,-436.59174,16.98616,1045.17407,-482.08182,-122.76492,937.57904
226,1.875,-290.6264,-145.95972,1029.50024,-310.31982,54.08585,1072.76611,-429.44263,-109.22356,1034.34204,-436.47198,16.90995,1044.93921,-482.06534,-122.67528,937.33228
227,1.883,-290.31406,-145.91396,1029.73218,-310.31982,54.08585,1072.76611,-429.44263,-109.22356,1034.34204,-436.47198,16.90995,1044.93921,-482.06534,-122.67528,937.33228
228,1.892,-290.31406,-145.91396,1029.73218,-310.31982,54.08585,1072.76611,-429.44263,-109.22356,1034.34204,-436.47198,16.90995,1044.93921,-482.08182,-122.76492,937.57904
229,1.9,-290.31406,-145.91396,1029.73218,-310.31982,54.08585,1072.76611,-429.44263,-109.22356,1034.34204,-436.45508,17.11564,1045.24146,-481.98834,-122.85255,937.26776
230,1.908,-290.31406,-145.91396,1029.73218,-310.31982,54.08585,1072.76611,-429.31992,-109.08347,1034.24146,-436.26251,16.99864,1045.29993,-482.08182,-122.76492,937.57904
231,1.917,-290.31406,-145.91396,1029.73218,-310.31982,54.08585,1072.76611,-429.1954,-108.92876,1034.28394,-436.45508,17.11564,1045.24146,-482.08182,-122.76492,937.57904
232,1.925,-290.31406,-145.91396,1029.73218,-310.31982,54.08585,1072.76611,-428.9726,-108.86983,1034.66504,-436.26251,16.99864,1045.29993,-482.08182,-122.76492,937.57904
233,1.933,-290.31406,-145.91396,1029.73218,-310.31982,54.08585,1072.76611,-429.08401,-109.17233,1034.6405,-436.22363,17.14391,1045.43347,-482.08182,-122.76492,937.57904
234,1.942,-290.31406,-145.91396,1029.73218,-310.31982,54.08585,1072.76611,-429.15939,-109.17319,1034.5658,-436.26251,16.99864,1045.29993,-482.08182,-122.76492,937.57904
235,1.95,-290.31406,-145.91396,1029.73218,-310.31982,54.08585,1072.76611,-429.31091,-108.98842,1034.8291,-436.22363,17.14391,1045.43347,-482.08182,-122.76492,937.57904
236,1.958,-290.1593,-145.95766,1029.91406,-310.31982,54.08585,1072.76611,-429.08401,-109.17233,1034.6405,-436.26251,16.99864,1045.29993,-482.08182,-122.76492,937.57904
237,1.967,-290.31406,-145.91396,1029.73218,-310.31982,54.08585,1072.76611,-429.16116,-109.1878,1034.42285,-436.26251,16.99864,1045.29993,-482.08182,-122.76492,937.57904
238,1.975,-290.50037,-146.03148,1029.64124,-310.31982,54.08585,1072.76611,-429.16116,-109.1878,1034.42285,-436.26251,16.99864,1045.29993,-482.08182,-122.76492,937.57904
239,1.983,-290.50037,-146.03148,1029.64124,-310.31982,54.08585,1072.76611,-429.38565,-108.83839,1034.17053,-436.39084,16.58501,1045.0293,-482.08182,-122.76492,937.57904
240,1.992,-290.31406,-145.91396,1029.73218,-310.35645,53.96646,1073.09509,-429.46695,-109.10699,1034.57947,-436.5834,16.70203,1044.97083,-481.86841,-123.40488,937.17938
241,2,-290.646,-146.21526,1029.7478,-310.35645,53.96646,1073.09509,-429.33185,-109.34015,1034.448,-436.84875,15.9049,1045.1095,-481.89755,-123.1181,937.17792
242,2.008,-290.646,-146.21526,1029.7478,-310.35645,53.96646,1073.09509,-429.67599,-109.51125,1034.24207,-436.69312,16.0634,1044.8291,-481.93103,-123.46803,936.98346
243,2.017,-291.10257,-146.39397,1029.96033,-311.25345,53.45772,1072.63403,-429.67599,-109.51125,1034.24207,-437.00568,15.89073,1044.70142,-482.00647,-123.178,936.88947
244,2.025,-291.16736,-146.31413,1030.03259,-311.29004,53.33828,1072.96301,-429.67599,-109.51125,1034.24207,-436.97812,16.59711,1044.94019,-482.06424,-123.35641,936.68262
245,2.033,-291.28891,-146.31827,1029.89355,-311.29004,53.33828,1072.96301,-429.79794,-109.22703,1034.07874,-437.56668,16.58721,1045.07397,-482.17746,-123.1213,936.45679
246,2.042,-292.00583,-146.36847,1029.71973,-311.29004,53.33828,1072.96301,-430.17007,-109.05358,1033.83667,-438.09146,16.27179,1045.10071,-482.35834,-123.01622,936.28888
247,2.05,-292.49838,-146.44713,1029.84839,-311.29004,53.33828,1072.96301,-430.53339,-109.467,1033.72205,-438.09146,16.27179,1045.10071,-482.45447,-123.20032,936.14331
248,2.058,-292.49838,-146.44713,1029.84839,-311.25345,53.45772,1072.63403,-430.7215,-109.29379,1033.35754,-438.54156,16.19729,1044.95557,-482.45447,-123.20032,936.14331
249,2.067,-292.72067,-146.45192,1030.18518,-311.92303,53.58832,1072.72791,-430.95035,-109.59016,1033.44177,-438.54156,16.19729,1044.95557,-482.45447,-123.20032,936.14331
250,2.075,-292.72067,-146.45192,1030.18518,-312.58005,53.07961,1072.76782,-431.03491,-109.16353,1033.19324,-439.12885,16.32341,1045.01123,-482.59418,-123.08952,935.93494
251,2.083,-292.98846,-146.81319,1030.42493,-311.92303,53.58832,1072.72791,-431.09137,-109.00162,1033.29907,-438.9931,16.38868,1044.77026,-482.45447,-123.20032,936.14331
252,2.092,-292.98846,-146.81319,1030.42493,-312.58005,53.07961,1072.76782,-431.09137,-109.00162,1033.29907,-438.9931,16.38868,1044.77026,-482.51584,-122.73801,936.11444
253,2.1,-292.98846,-146.81319,1030.42493,-312.58005,53.07961,1072.76782,-430.76532,-109.15005,1033.30579,-439.13577,16.05482,1044.71985,-482.51477,-123.0638,936.05786
254,2.108,-292.80817,-147.04843,1030.27625,-312.58005,53.07961,1072.76782,-431.36395,-109.15421,1033.33167,-439.33209,16.14884,1045.01685,-482.77679,-123.41986,936.18152
255,2.117,-292.80817,-147.04843,1030.27625,-312.58005,53.07961,1072.76782,-431.21878,-109.36776,1033.53076,-439.30692,16.26936,1044.86646,-482.77679,-123.41986,936.18152
256,2.125,-292.93335,-147.06876,1030.44348,-312.58005,53.07961,1072.76782,-431.77216,-109.18874,1033.37305,-439.28842,16.34502,1045.12061,-482.77679,-123.41986,936.18152
257,2.133,-292.93335,-147.06876,1030.44348,-312.58005,53.07961,1072.76782,-431.31918,-109.57346,1033.62524,-439.33209,16.14884,1045.01685,-483.05219,-123.35143,935.89319
258,2.142,-293.05392,-147.25627,1030.23328,-312.58005,53.07961,1072.76782,-431.79889,-109.7478,1033.54016,-439.33209,16.14884,1045.01685,-483.05219,-123.35143,935.89319
259,2.15,-293.15115,-147.24069,1030.40283,-312.58005,53.07961,1072.76782,-431.86298,-109.5002,1033.43945,-439.43387,16.27285,1044.96826,-483.15121,-123.27958,936.03766
260,2.158,-292.86218,-147.14833,1030.37854,-312.58005,53.07961,1072.76782,-432.05914,-109.56107,1033.69031,-439.33209,16.14884,1045.01685,-483.28693,-123.32196,935.9577
261,2.167,-293.15115,-147.24069,1030.40283,-312.58005,53.07961,1072.76782,-432.05914,-109.56107,1033.69031,-439.33209,16.14884,1045.01685,-483.23212,-123.55382,936.07758
262,2.175,-293.15115,-147.24069,1030.40283,-312.58005,53.07961,1072.76782,-432.05914,-109.56107,1033.69031,-439.59634,16.11047,1045.11426,-483.49432,-123.9094,936.20123
263,2.183,-293.15115,-147.24069,1030.40283,-312.58005,53.07961,1072.76782,-431.80206,-110.16296,1033.6991,-439.59634,16.11047,1045.11426,-483.35861,-124.33607,936.38074
264,2.192,-293.15115,-147.24069,1030.40283,-312.58005,53.07961,1072.76782,-431.91858,-110.03886,1033.6842,-439.50723,15.68562,1045.04883,-483.35861,-124.33607,936.38074
265,2.2,-293.15115,-147.24069,1030.40283,-312.58005,53.07961,1072.76782,-431.87683,-109.93033,1033.77625,-439.49454,15.98645,1045.16284,-483.23083,-124.45693,936.62311
266,2.208,-293.15115,-147.24069,1030.40283,-312.58005,53.07961,1072.76782,-431.55057,-109.93965,1034.38818,-439.49454,15.98645,1045.16284,-483.09641,-123.98045,936.25708
267,2.217,-293.15115,-147.24069,1030.40283,-312.58005,53.07961,1072.76782,-431.55057,-109.93965,1034.38818,-439.59634,16.11047,1045.11426,-483.18591,-124.14903,936.79291
268,2.225,-292.93335,-147.06876,1030.44348,-312.81284,52.91417,1073.34009,-431.42688,-110.21656,1034.5094,-439.49454,15.98645,1045.16284,-483.52374,-124.08232,936.82123
269,2.233,-292.93335,-147.06876,1030.44348,-312.81284,52.91417,1073.34009,-431.42688,-110.21656,1034.5094,-439.43427,16.38859,1045.56873,-483.18591,-124.14903,936.79291
270,2.242,-293.15115,-147.24069,1030.40283,-312.54593,52.95895,1073.05457,-431.42688,-110.21656,1034.5094,-439.43427,16.38859,1045.56873,-483.18591,-124.14903,936.79291
271,2.25,-293.15115,-147.24069,1030.40283,-312.81284,52.91417,1073.34009,-431.42688,-110.21656,1034.5094,-439.11398,16.03732,1045.66333,-483.2637,-123.99123,936.84106
272,2.258,-292.93335,-147.06876,1030.44348,-312.87006,53.0181,1073.11035,-431.68109,-110.148,1034.23193,-439.43427,16.38859,1045.56873,-483.60156,-123.92449,936.86938
273,2.267,-292.93335,-147.06876,1030.44348,-312.81284,52.91417,1073.34009,-431.22318,-110.36646,1034.54309,-439.43427,16.38859,1045.56873,-483.60156,-123.92449,936.86938
274,2.275,-292.96332,-146.97842,1030.57996,-312.81284,52.91417,1073.34009,-431.79761,-110.02397,1034.21704,-439.30167,16.28431,1045.96704,-483.71576,-124.00155,937.14185
275,2.283,-292.93335,-147.06876,1030.44348,-312.81284,52.91417,1073.34009,-431.68109,-110.148,1034.23193,-439.03693,16.26368,1045.77808,-483.71576,-124.00155,937.14185
276,2.292,-292.93335,-147.06876,1030.44348,-312.81284,52.91417,1073.34009,-431.52942,-110.26252,1034.44385,-439.03693,16.26368,1045.77808,-483.71576,-124.00155,937.14185
277,2.3,-292.96332,-146.97842,1030.57996,-313.27264,52.97073,1073.48987,-431.68109,-110.148,1034.23193,-439.03693,16.26368,1045.77808,-483.74158,-123.80148,937.28253
278,2.308,-292.93335,-147.06876,1030.44348,-313.27264,52.97073,1073.48987,-431.68109,-110.148,1034.23193,-439.03693,16.26368,1045.77808,-484.11154,-123.71448,937.27606
279,2.317,-292.93335,-147.06876,1030.44348,-313.27264,52.97073,1073.48987,-431.68109,-110.148,1034.23193,-439.03693,16.26368,1045.77808,-484.11154,-123.71448,937.27606
280,2.325,-292.93335,-147.06876,1030.44348,-313.27264,52.97073,1073.48987,-431.42688,-110.21656,1034.5094,-439.30167,16.28431,1045.96704,-484.08569,-123.91458,937.13531
281,2.333,-292.93335,-147.06876,1030.44348,-313.27264,52.97073,1073.48987,-431.74689,-109.90295,1034.16089,-439.17172,16.42371,1045.42188,-484.11154,-123.71448,937.27606
282,2.342,-292.93335,-147.06876,1030.44348,-313.27264,52.97073,1073.48987,-431.22318,-110.36646,1034.54309,-439.24878,16.19736,1045.30725,-484.08569,-123.91458,937.13531
283,2.35,-292.93335,-147.06876,1030.44348,-313.27264,52.97073,1073.48987,-431.55057,-109.93965,1034.38818,-439.12979,15.9002,1045.41089,-484.08569,-123.91458,937.13531
284,2.358,-293.15115,-147.24069,1030.40283,-312.81284,52.91417,1073.34009,-431.55057,-109.93965,1034.38818,-439.18747,16.28662,1045.16956,-484.08569,-123.91458,937.13531
285,2.367,-293.15115,-147.24069,1030.40283,-313.27264,52.97073,1073.48987,-431.55057,-109.93965,1034.38818,-439.26453,16.06028,1045.05493,-484.08569,-123.91458,937.13531
286,2.375,-293.20627,-146.98517,1030.38416,-313.69675,53.07573,1073.49255,-431.55057,-109.93965,1034.38818,-439.12979,15.9002,1045.41089,-484.1427,-123.6862,937.04181
287,2.383,-293.18109,-147.15039,1030.53931,-313.27264,52.97073,1073.48987,-431.63577,-109.72932,1034.22949,-439.12979,15.9002,1045.41089,-484.02393,-123.50639,936.49493
288,2.392,-293.0184,-146.72284,1030.5614,-313.69675,53.07573,1073.49255,-431.63577,-109.72932,1034.22949,-439.14334,16.20543,1044.92346,-484.33539,-123.50029,936.86829
289,2.4,-293.18109,-147.15039,1030.53931,-313.27264,52.97073,1073.48987,-431.63577,-109.72932,1034.22949,-439.14334,16.20543,1044.92346,-484.78879,-123.41274,936.3985
290,2.408,-293.18109,-147.15039,1030.53931,-313.27264,52.97073,1073.48987,-431.63577,-109.72932,1034.22949,-439.34204,15.63871,1045.37012,-484.60947,-123.28001,936.45172
291,2.417,-293.18109,-147.15039,1030.53931,-313.69675,53.07573,1073.49255,-431.63577,-109.72932,1034.22949,-439.54108,16.07761,1045.04321,-484.21658,-123.32038,936.32141
292,2.425,-292.96332,-146.97842,1030.57996,-313.27264,52.97073,1073.48987,-431.63577,-109.72932,1034.22949,-439.44641,15.95164,1045.09509,-484.31284,-123.50408,936.17584
293,2.433,-293.18109,-147.15039,1030.53931,-313.69675,53.07573,1073.49255,-431.63577,-109.72932,1034.22949,-439.60712,16.18988,1045.12463,-484.21658,-123.32038,936.32141
294,2.442,-293.18109,-147.15039,1030.53931,-313.69675,53.07573,1073.49255,-432.2818,-109.4743,1033.92676,-439.70175,16.31584,1045.07275,-484.21658,-123.32038,936.32141
295,2.45,-293.18109,-147.15039,1030.53931,-313.69675,53.07573,1073.49255,-431.63577,-109.72932,1034.22949,-439.61096,16.3081,1044.86035,-483.95462,-122.96486,936.19775
296,2.458,-293.18109,-147.15039,1030.53931,-313.69675,53.07573,1073.49255,-431.63577,-109.72932,1034.22949,-439.5806,16.46098,1044.94128,-484.06116,-122.9176,936.12915
297,2.467,-293.18109,-147.15039,1030.53931,-313.96024,53.03613,1073.76367,-432.2818,-109.4743,1033.92676,-439.61096,16.3081,1044.86035,-484.62161,-123.37421,936.19562
298,2.475,-293.18109,-147.15039,1030.53931,-314.15125,53.16505,1073.55542,-432.2818,-109.4743,1033.92676,-439.73209,16.16297,1044.99182,-484.77808,-123.42135,935.9646
299,2.483,-293.18109,-147.15039,1030.53931,-314.89362,53.26761,1073.7699,-432.32568,-109.33058,1033.87512,-439.73209,16.16297,1044.99182,-484.70352,-123.62172,935.84808
300,2.492,-293.18109,-147.15039,1030.53931,-314.89362,53.26761,1073.7699,-432.32568,-109.33058,1033.87512,-439.73209,16.16297,1044.99182,-484.81003,-123.57441,935.77942
301,2.5,-293.18109,-147.15039,1030.53931,-314.59879,53.11293,1073.97742,-432.32568,-109.33058,1033.87512,-439.61096,16.3081,1044.86035,-484.81003,-123.57441,935.77942
302,2.508,-293.15115,-147.24069,1030.40283,-314.89362,53.26761,1073.7699,-432.44794,-109.5322,1033.90674,-439.61072,16.53251,1045.02405,-484.45197,-123.03513,935.80133
303,2.517,-293.47922,-147.14432,1030.61951,-314.59879,53.11293,1073.97742,-432.33807,-109.24382,1033.65759,-439.61072,16.53251,1045.02405,-484.66742,-123.39872,935.6485
304,2.525,-293.18109,-147.15039,1030.53931,-314.59879,53.11293,1073.97742,-432.33807,-109.24382,1033.65759,-439.57401,16.46012,1044.83655,-484.81003,-123.57441,935.77942
305,2.533,-293.15115,-147.24069,1030.40283,-314.59879,53.11293,1073.97742,-432.46033,-109.44547,1033.68921,-439.83163,16.35136,1045.05591,-484.81003,-123.57441,935.77942
306,2.542,-293.15115,-147.24069,1030.40283,-314.59879,53.11293,1073.97742,-432.5495,-109.61874,1033.55627,-439.79495,16.27899,1044.86829,-484.81003,-123.57441,935.77942
307,2.55,-293.15115,-147.24069,1030.40283,-314.59879,53.11293,1073.97742,-432.53711,-109.70548,1033.77368,-439.83163,16.35136,1045.05591,-484.81003,-123.57441,935.77942
308,2.558,-293.15115,-147.24069,1030.40283,-314.59879,53.11293,1073.97742,-432.49304,-109.78071,1033.45044,-439.93341,16.47552,1045.00732,-484.81003,-123.57441,935.77942
309,2.567,-293.15115,-147.24069,1030.40283,-314.63568,52.99422,1074.30725,-432.39148,-109.69418,1033.8009,-439.83163,16.35136,1045.05591,-484.81003,-123.57441,935.77942
310,2.575,-293.47922,-147.14432,1030.61951,-314.59879,53.11293,1073.97742,-432.5242,-109.74912,1033.73633,-439.93341,16.47552,1045.00732,-484.66742,-123.39872,935.6485
311,2.583,-293.64493,-147.12122,1030.49902,-314.63568,52.99422,1074.30725,-432.51212,-109.45077,1033.59692,-439.83163,16.35136,1045.05591,-484.81003,-123.57441,935.77942
312,2.592,-293.47922,-147.14432,1030.61951,-314.63568,52.99422,1074.30725,-432.60129,-109.62405,1033.46387,-439.83163,16.35136,1045.05591,-484.81003,-123.57441,935.77942
313,2.6,-293.64493,-147.12122,1030.49902,-314.63568,52.99422,1074.30725,-432.5495,-109.61874,1033.55627,-439.9888,16.01312,1045.1261,-484.81003,-123.57441,935.77942
314,2.608,-293.47922,-147.14432,1030.61951,-314.63568,52.99422,1074.30725,-432.62576,-109.83566,1033.38586,-440.04727,15.99436,1045.01184,-484.81003,-123.57441,935.77942
315,2.617,-293.65707,-147.02528,1030.63928,-314.63568,52.99422,1074.30725,-432.5889,-109.71082,1033.68127,-439.83163,16.35136,1045.05591,-484.58441,-123.6534,935.85199
316,2.625,-293.47922,-147.14432,1030.61951,-314.63568,52.99422,1074.30725,-432.44794,-109.5322,1033.90674,-439.77313,16.37012,1045.17004,-484.81003,-123.57441,935.77942
317,2.633,-293.47922,-147.14432,1030.61951,-314.63568,52.99422,1074.30725,-432.40408,-109.67593,1033.95837,-439.77313,16.37012,1045.17004,-484.71384,-123.39067,935.92499
318,2.642,-293.46707,-147.24022,1030.47925,-314.63568,52.99422,1074.30725,-432.44794,-109.5322,1033.90674,-439.77313,16.37012,1045.17004,-484.88455,-123.37405,935.89594
319,2.65,-293.46707,-147.24022,1030.47925,-314.63568,52.99422,1074.30725,-432.44794,-109.5322,1033.90674,-440.04727,15.99436,1045.01184,-484.81003,-123.57441,935.77942
320,2.658,-293.64493,-147.12122,1030.49902,-314.63568,52.99422,1074.30725,-432.44794,-109.5322,1033.90674,-439.9888,16.01312,1045.1261,-484.88455,-123.37405,935.89594
321,2.667,-293.46707,-147.24022,1030.47925,-314.63568,52.99422,1074.30725,-432.44794,-109.5322,1033.90674,-439.9888,16.01312,1045.1261,-484.88455,-123.37405,935.89594
322,2.675,-293.46707,-147.24022,1030.47925,-314.63568,52.99422,1074.30725,-432.44794,-109.5322,1033.90674,-440.04727,15.99436,1045.01184,-484.81003,-123.57441,935.77942
323,2.683,-293.46707,-147.24022,1030.47925,-314.63568,52.99422,1074.30725,-432.45575,-109.71687,1033.91577,-439.83163,16.35136,1045.05591,-484.82755,-123.60245,935.9895
324,2.692,-293.46707,-147.24022,1030.47925,-314.63568,52.99422,1074.30725,-432.43549,-110.05727,1033.89355,-439.9888,16.01312,1045.1261,-484.82755,-123.60245,935.9895
325,2.7,-293.46707,-147.24022,1030.47925,-314.63568,52.99422,1074.30725,-432.56219,-109.76542,1033.85742,-439.77313,16.37012,1045.17004,-484.89532,-123.99918,935.8642
326,2.708,-293.46707,-147.24022,1030.47925,-314.63568,52.99422,1074.30725,-432.48019,-109.92844,1033.83777,-440.04727,15.99436,1045.01184,-484.9856,-124.21333,935.78564
327,2.717,-293.46707,-147.24022,1030.47925,-314.63568,52.99422,1074.30725,-432.48019,-109.92844,1033.83777,-440.04727,15.99436,1045.01184,-484.96771,-123.79532,935.95447
328,2.725,-293.46707,-147.24022,1030.47925,-314.63568,52.99422,1074.30725,-432.5694,-110.10175,1033.70471,-440.04727,15.99436,1045.01184,-485.05798,-124.00951,935.87585
329,2.733,-293.81354,-147.2836,1030.50024,-314.63568,52.99422,1074.30725,-432.44791,-109.97058,1033.67615,-439.9888,16.01312,1045.1261,-484.96771,-123.79532,935.95447
330,2.742,-293.99142,-147.16458,1030.52014,-314.63568,52.99422,1074.30725,-432.48019,-109.92844,1033.83777,-439.91479,15.88986,1045.40991,-484.89532,-123.99918,935.8642
331,2.75,-293.64493,-147.12122,1030.49902,-314.63568,52.99422,1074.30725,-432.67697,-109.86211,1033.87073,-439.83163,16.35136,1045.05591,-485.13483,-123.83379,936.15735
332,2.758,-293.99142,-147.16458,1030.52014,-314.63568,52.99422,1074.30725,-432.41104,-109.8457,1033.97156,-439.77313,16.37012,1045.17004,-485.13483,-123.83379,936.15735
333,2.767,-293.99142,-147.16458,1030.52014,-314.63568,52.99422,1074.30725,-432.45575,-109.71687,1033.91577,-439.9888,16.01312,1045.1261,-485.07782,-124.06222,936.25085
334,2.775,-293.99142,-147.16458,1030.52014,-314.63568,52.99422,1074.30725,-432.49643,-110.01048,1033.92834,-439.9888,16.01312,1045.1261,-484.91074,-124.02377,936.04797
335,2.783,-293.81354,-147.2836,1030.50024,-314.63568,52.99422,1074.30725,-432.5036,-110.34683,1033.77576,-440.04727,15.99436,1045.01184,-484.91074,-124.02377,936.04797
336,2.792,-293.99142,-147.16458,1030.52014,-314.59879,53.11293,1073.97742,-432.36008,-109.85527,1034.05981,-439.9888,16.01312,1045.1261,-485.13483,-123.83379,936.15735
337,2.8,-293.99142,-147.16458,1030.52014,-314.59879,53.11293,1073.97742,-432.40408,-109.67593,1033.95837,-439.77313,16.37012,1045.17004,-485.13483,-123.83379,936.15735
338,2.808,-293.99142,-147.16458,1030.52014,-314.59879,53.11293,1073.97742,-432.42841,-109.92313,1033.93018,-439.77313,16.37012,1045.17004,-485.13483,-123.83379,936.15735
339,2.817,-293.81354,-147.2836,1030.50024,-314.89362,53.26761,1073.7699,-432.40393,-109.71155,1034.00818,-439.9888,16.01312,1045.1261,-485.13483,-123.83379,936.15735
340,2.825,-293.99142,-147.16458,1030.52014,-315.18277,53.38764,1073.3584,-432.40393,-109.71155,1034.00818,-440.04727,15.99436,1045.01184,-484.96771,-123.79532,935.95447
341,2.833,-293.99142,-147.16458,1030.52014,-314.89362,53.26761,1073.7699,-432.63843,-109.78499,1033.7417,-439.9888,16.01312,1045.1261,-485.06244,-124.03767,936.06708
342,2.842,-293.64493,-147.12122,1030.49902,-315.18277,53.38764,1073.3584,-432.65778,-109.4297,1033.76794,-440.04727,15.99436,1045.01184,-485.06244,-124.03767,936.06708
343,2.85,-293.98129,-147.05936,1030.66833,-315.18277,53.38764,1073.3584,-432.70959,-109.43501,1033.67554,-440.04727,15.99436,1045.01184,-485.13483,-123.83379,936.15735
344,2.858,-293.64493,-147.12122,1030.49902,-315.18277,53.38764,1073.3584,-432.75354,-109.25565,1033.5741,-440.14905,16.11854,1044.96326,-485.19186,-123.60546,936.06378
345,2.867,-293.64493,-147.12122,1030.49902,-314.89362,53.26761,1073.7699,-432.70175,-109.25034,1033.6665,-440.17816,16.04858,1044.95386,-485.2821,-123.81967,935.98523
346,2.875,-293.64493,-147.12122,1030.49902,-315.18277,53.38764,1073.3584,-432.72623,-109.46194,1033.5885,-440.06433,16.52973,1044.94934,-485.11731,-123.80582,935.94727
347,2.883,-293.64493,-147.12122,1030.49902,-315.18277,53.38764,1073.3584,-432.77802,-109.46724,1033.49609,-440.27994,16.17276,1044.90527,-485.04044,-123.98148,935.66577
348,2.892,-293.64493,-147.12122,1030.49902,-315.18277,53.38764,1073.3584,-432.62576,-109.83566,1033.38586,-440.27994,16.17276,1044.90527,-485.2821,-123.81967,935.98523
349,2.9,-293.64493,-147.12122,1030.49902,-315.18277,53.38764,1073.3584,-432.86719,-109.64052,1033.36316,-440.27994,16.17276,1044.90527,-485.04044,-123.98148,935.66577
350,2.908,-293.64493,-147.12122,1030.49902,-315.18277,53.38764,1073.3584,-432.86719,-109.64052,1033.36316,-440.27994,16.17276,1044.90527,-485.20755,-124.02,935.86865
351,2.917,-293.64493,-147.12122,1030.49902,-315.18277,53.38764,1073.3584,-432.81076,-109.80244,1033.25732,-440.27994,16.17276,1044.90527,-485.04044,-123.98148,935.66577
352,2.925,-293.65707,-147.02528,1030.63928,-315.18277,53.38764,1073.3584,-433.02798,-109.47313,1033.30298,-440.27994,16.17276,1044.90527,-485.20755,-124.02,935.86865
353,2.933,-294.20319,-147.06969,1030.46021,-315.18277,53.38764,1073.3584,-433.00351,-109.26152,1033.38098,-440.27994,16.17276,1044.90527,-485.04044,-123.98148,935.66577
354,2.942,-293.64493,-147.12122,1030.49902,-315.18277,53.38764,1073.3584,-433.02798,-109.47313,1033.30298,-440.27994,16.17276,1044.90527,-485.11499,-123.78117,935.78229
355,2.95,-293.65707,-147.02528,1030.63928,-315.18277,53.38764,1073.3584,-433.00351,-109.26152,1033.38098,-440.27994,16.17276,1044.90527,-485.04044,-123.98148,935.66577
356,2.958,-293.65707,-147.02528,1030.63928,-315.18277,53.38764,1073.3584,-432.94708,-109.42344,1033.27515,-440.24329,16.1004,1044.71777,-484.9502,-123.76729,935.74438
357,2.967,-293.65707,-147.02528,1030.63928,-314.89362,53.26761,1073.7699,-432.9198,-109.62971,1033.28943,-440.24329,16.1004,1044.71777,-485.04044,-123.98148,935.66577
358,2.975,-293.65707,-147.02528,1030.63928,-315.18277,53.38764,1073.3584,-433.00351,-109.26152,1033.38098,-440.24329,16.1004,1044.71777,-484.9502,-123.76729,935.74438
359,2.983,-293.85672,-147.02632,1030.43921,-315.18277,53.38764,1073.3584,-432.84271,-109.42891,1033.44116,-440.27994,16.17276,1044.90527,-484.9502,-123.76729,935.74438
360,2.992,-293.65707,-147.02528,1030.63928,-315.18277,53.38764,1073.3584,-432.99112,-109.34831,1033.59839,-440.27994,16.17276,1044.90527,-484.9502,-123.76729,935.74438
361,3,-293.71219,-146.76978,1030.62073,-315.18277,53.38764,1073.3584,-432.86255,-109.08296,1033.60632,-440.02765,16.45737,1044.76172,-484.9502,-123.76729,935.74438
362,3.008,-293.70007,-146.86569,1030.48047,-315.18277,53.38764,1073.3584,-433.00351,-109.26152,1033.38098,-440.24329,16.1004,1044.71777,-484.9502,-123.76729,935.74438
363,3.017,-293.92395,-146.67488,1030.56079,-315.18277,53.38764,1073.3584,-433.00351,-109.26152,1033.38098,-440.4126,16.27666,1044.50708,-484.9863,-123.86864,935.66022
364,3.025,-293.92395,-146.67488,1030.56079,-315.18277,53.38764,1073.3584,-433.00351,-109.26152,1033.38098,-440.27994,16.17276,1044.90527,-484.9502,-123.76729,935.74438
365,3.033,-293.91183,-146.77081,1030.42053,-315.18277,53.38764,1073.3584,-432.95673,-109.0836,1033.34326,-440.24329,16.1004,1044.71777,-484.9502,-123.76729,935.74438
366,3.042,-293.71039,-146.68407,1030.38367,-315.18277,53.38764,1073.3584,-432.91931,-108.91569,1033.38391,-440.24329,16.1004,1044.71777,-485.04044,-123.98148,935.66577
367,3.05,-293.9964,-146.77391,1030.32361,-315.18277,53.38764,1073.3584,-432.91931,-108.91569,1033.38391,-440.02765,16.45737,1044.76172,-485.04044,-123.98148,935.66577
368,3.058,-293.9964,-146.77391,1030.32361,-314.75702,53.41032,1073.02625,-433.00848,-109.08892,1033.25098,-440.02765,16.45737,1044.76172,-485.04044,-123.98148,935.66577
369,3.067,-293.9964,-146.77391,1030.32361,-315.18277,53.38764,1073.3584,-433.00848,-109.08892,1033.25098,-440.37589,16.20439,1044.31958,-485.04044,-123.98148,935.66577
370,3.075,-293.9964,-146.77391,1030.32361,-315.18277,53.38764,1073.3584,-433.00848,-109.08892,1033.25098,-440.24329,16.1004,1044.71777,-485.17868,-123.82774,935.65045
371,3.083,-293.9964,-146.77391,1030.32361,-314.75702,53.41032,1073.02625,-433.00848,-109.08892,1033.25098,-440.24329,16.1004,1044.71777,-485.07657,-124.08282,935.58167
372,3.092,-293.9964,-146.77391,1030.32361,-314.75702,53.41032,1073.02625,-433.00848,-109.08892,1033.25098,-440.24329,16.1004,1044.71777,-485.17868,-123.82774,935.65045
373,3.1,-293.81921,-146.46516,1030.27417,-314.75702,53.41032,1073.02625,-433.00848,-109.08892,1033.25098,-440.37589,16.20439,1044.31958,-485.17868,-123.82774,935.65045
374,3.108,-293.9964,-146.77391,1030.32361,-314.75702,53.41032,1073.02625,-433.00848,-109.08892,1033.25098,-440.08624,16.43862,1044.64758,-485.17868,-123.82774,935.65045
375,3.117,-293.6109,-146.60736,1030.04395,-315.30814,54.49208,1072.85571,-433.00848,-109.08892,1033.25098,-440.12292,16.51097,1044.83508,-485.19913,-123.51455,935.76141
376,3.125,-293.68042,-146.77438,1030.24719,-315.03159,54.14658,1072.76038,-433.00848,-109.08892,1033.25098,-440.12292,16.51097,1044.83508,-485.19724,-123.22883,935.81635
377,3.133,-294.13522,-146.46466,1030.35059,-314.52972,53.77595,1072.10364,-432.91931,-108.91569,1033.38391,-440.06433,16.52973,1044.94934,-485.08844,-123.61353,935.72906
378,3.142,-293.68042,-146.77438,1030.24719,-315.18146,54.59492,1072.51099,-432.91931,-108.91569,1033.38391,-440.27994,16.17276,1044.90527,-485.08844,-123.61353,935.72906
379,3.15,-293.939,-146.51097,1030.26062,-315.18146,54.59492,1072.51099,-433.00848,-109.08892,1033.25098,-440.15897,16.07992,1044.75793,-485.12268,-123.42918,935.69983
380,3.158,-293.74973,-146.29813,1030.07092,-315.18146,54.59492,1072.51099,-432.91931,-108.91569,1033.38391,-440.15897,16.07992,1044.75793,-485.16299,-123.41319,935.84558
381,3.167,-293.74973,-146.29813,1030.07092,-315.18146,54.59492,1072.51099,-432.91931,-108.91569,1033.38391,-440.07211,16.62217,1044.90149,-485.02472,-123.56695,935.8609
382,3.175,-293.74973,-146.29813,1030.07092,-315.18146,54.59492,1072.51099,-432.81665,-108.77641,1033.37927,-440.07211,16.62217,1044.90149,-485.16299,-123.41319,935.84558
383,3.183,-293.77966,-146.20778,1030.2074,-315.18146,54.59492,1072.51099,-432.91931,-108.91569,1033.38391,-440.0488,16.36913,1044.68286,-485.19724,-123.22883,935.81635
384,3.192,-293.77966,-146.20778,1030.2074,-315.18146,54.59492,1072.51099,-432.91931,-108.91569,1033.38391,-440.15897,16.07992,1044.75793,-485.19724,-123.22883,935.81635
385,3.2,-293.77966,-146.20778,1030.2074,-315.18146,54.59492,1072.51099,-432.75854,-109.08302,1033.44409,-440.15897,16.07992,1044.75793,-485.02472,-123.56695,935.8609
386,3.208,-293.63138,-146.20279,1030.45142,-315.18146,54.59492,1072.51099,-432.91931,-108.91569,1033.38391,-439.99557,16.36369,1044.78284,-485.02472,-123.56695,935.8609
387,3.217,-293.57416,-146.03618,1030.22778,-315.18146,54.59492,1072.51099,-432.91931,-108.91569,1033.38391,-440.0488,16.36913,1044.68286,-485.19724,-123.22883,935.81635
388,3.225,-293.33371,-145.93178,1030.07507,-315.18146,54.59492,1072.51099,-432.91931,-108.91569,1033.38391,-440.19012,16.39737,1044.79639,-485.16299,-123.41319,935.84558
389,3.233,-293.47092,-145.86215,1030.26062,-315.18146,54.59492,1072.51099,-432.81665,-108.77641,1033.37927,-440.0488,16.36913,1044.68286,-485.16299,-123.41319,935.84558
390,3.242,-293.57416,-146.03618,1030.22778,-315.18146,54.59492,1072.51099,-432.81665,-108.77641,1033.37927,-440.28873,16.34384,1044.77649,-485.19724,-123.22883,935.81635
391,3.25,-293.57416,-146.03618,1030.22778,-315.18146,54.59492,1072.51099,-432.81665,-108.77641,1033.37927,-440.42355,16.50354,1044.42041,-485.19724,-123.22883,935.81635
392,3.258,-293.54684,-146.19969,1030.54834,-315.18146,54.59492,1072.51099,-432.81665,-108.77641,1033.37927,-440.28873,16.34384,1044.77649,-485.19724,-123.22883,935.81635
393,3.267,-293.57416,-146.03618,1030.22778,-315.18146,54.59492,1072.51099,-432.91931,-108.91569,1033.38391,-440.42355,16.50354,1044.42041,-485.19724,-123.22883,935.81635
394,3.275,-293.57416,-146.03618,1030.22778,-315.18146,54.59492,1072.51099,-432.91931,-108.91569,1033.38391,-440.18365,16.52884,1044.32666,-485.19724,-123.22883,935.81635
395,3.283,-293.57416,-146.03618,1030.22778,-315.35818,55.48714,1072.40625,-432.81665,-108.77641,1033.37927,-440.18365,16.52884,1044.32666,-485.19724,-123.22883,935.81635
396,3.292,-293.57416,-146.03618,1030.22778,-315.20258,55.14985,1072.57837,-432.91931,-108.91569,1033.38391,-440.12537,16.6276,1044.80139,-485.19724,-123.22883,935.81635
397,3.3,-293.63138,-146.20279,1030.45142,-315.20258,55.14985,1072.57837,-432.81665,-108.77641,1033.37927,-440.31778,17.06313,1044.33948,-485.28812,-122.9633,935.90607
398,3.308,-293.63138,-146.20279,1030.45142,-315.20258,55.14985,1072.57837,-432.81665,-108.77641,1033.37927,-440.26022,16.7873,1044.44531,-485.28812,-122.9633,935.90607
399,3.317,-293.63138,-146.20279,1030.45142,-315.35818,55.48714,1072.40625,-432.76788,-108.62027,1033.31201,-440.42355,16.50354,1044.42041,-485.19724,-123.22883,935.81635
400,3.325,-293.47092,-145.86215,1030.26062,-315.20258,55.14985,1072.57837,-432.76788,-108.62027,1033.31201,-440.34698,16.24507,1044.30188,-485.19724,-123.22883,935.81635
401,3.333,-293.57416,-146.03618,1030.22778,-315.18146,54.59492,1072.51099,-432.81665,-108.77641,1033.37927,-440.18365,16.52884,1044.32666,-485.19724,-123.22883,935.81635
402,3.342,-293.57416,-146.03618,1030.22778,-315.20258,55.14985,1072.57837,-432.76788,-108.62027,1033.31201,-440.26022,16.7873,1044.44531,-485.28812,-122.9633,935.90607
403,3.35,-293.57416,-146.03618,1030.22778,-315.35818,55.48714,1072.40625,-432.76788,-108.62027,1033.31201,-440.26022,16.7873,1044.44531,-485.28812,-122.9633,935.90607
404,3.358,-293.26044,-145.66734,1030.24426,-315.35818,55.48714,1072.40625,-432.81665,-108.77641,1033.37927,-440.26022,16.7873,1044.44531,-485.36438,-123.26736,936.01929
405,3.367,-293.26044,-145.66734,1030.24426,-315.18146,54.59492,1072.51099,-432.81665,-108.77641,1033.37927,-440.34698,16.24507,1044.30188,-485.19724,-123.22883,935.81635
406,3.375,-293.36368,-145.84138,1030.21155,-315.37039,54.87786,1072.27893,-432.81665,-108.77641,1033.37927,-440.46167,16.23191,1044.25708,-485.19724,-123.22883,935.81635
407,3.383,-293.23047,-145.75774,1030.10779,-315.35818,55.48714,1072.40625,-432.76788,-108.62027,1033.31201,-440.40726,16.51846,1044.22803,-485.19724,-123.22883,935.81635
408,3.392,-293.08624,-145.83827,1029.89893,-315.72647,55.01876,1072.14685,-432.81665,-108.77641,1033.37927,-440.48111,16.77938,1044.31458,-485.19724,-123.22883,935.81635
409,3.4,-293.33371,-145.93178,1030.07507,-315.35818,55.48714,1072.40625,-432.81665,-108.77641,1033.37927,-440.31778,17.06313,1044.33948,-485.19724,-123.22883,935.81635
410,3.408,-293.33371,-145.93178,1030.07507,-315.72647,55.01876,1072.14685,-432.884,-108.75547,1033.30103,-440.23178,16.81331,1044.10864,-485.19724,-123.22883,935.81635
411,3.417,-293.20853,-145.91142,1029.90771,-315.71414,55.62794,1072.27417,-432.884,-108.75547,1033.30103,-440.37314,16.84149,1044.22229,-485.28751,-123.44309,935.73773
412,3.425,-293.06433,-145.99193,1029.69885,-315.72647,55.01876,1072.14685,-432.884,-108.75547,1033.30103,-440.53647,16.55774,1044.19739,-485.25787,-123.73438,935.52289
413,3.433,-293.55215,-146.05481,1029.79419,-315.72647,55.01876,1072.14685,-432.97318,-108.9287,1033.16797,-440.39514,16.52955,1044.08386,-485.35272,-123.53283,935.4129
414,3.442,-293.5567,-146.07648,1029.82825,-315.35818,55.48714,1072.40625,-432.97318,-108.9287,1033.16797,-440.99332,16.94897,1044.22083,-485.39761,-123.62379,935.31458
415,3.45,-293.55215,-146.05481,1029.79419,-315.72647,55.01876,1072.14685,-432.884,-108.75547,1033.30103,-440.76578,16.60527,1044.03223,-485.47498,-123.54952,935.18713
416,3.458,-293.5321,-146.18272,1029.46448,-315.72647,55.01876,1072.14685,-432.884,-108.75547,1033.30103,-440.38153,17.11007,1043.71606,-485.47498,-123.54952,935.18713
417,3.467,-293.73593,-146.36563,1029.46851,-315.72647,55.01876,1072.14685,-433.03583,-108.79166,1033.36902,-440.52292,17.1383,1043.82971,-485.47498,-123.54952,935.18713
418,3.475,-293.73593,-146.36563,1029.46851,-315.72647,55.01876,1072.14685,-432.884,-108.75547,1033.30103,-440.60254,16.88899,1044.05713,-485.47498,-123.54952,935.18713
419,3.483,-293.73593,-146.36563,1029.46851,-315.72647,55.01876,1072.14685,-433.08969,-108.80466,1033.15308,-440.87817,16.60197,1043.96289,-485.47498,-123.54952,935.18713
420,3.492,-293.5321,-146.18272,1029.46448,-315.72647,55.01876,1072.14685,-432.97318,-108.9287,1033.16797,-440.87817,16.60197,1043.96289,-485.47498,-123.54952,935.18713
421,3.5,-293.5321,-146.18272,1029.46448,-315.72647,55.01876,1072.14685,-432.97318,-108.9287,1033.16797,-440.87817,16.60197,1043.96289,-485.47498,-123.54952,935.18713
422,3.508,-293.73593,-146.36563,1029.46851,-315.37039,54.87786,1072.27893,-432.91675,-109.0906,1033.06213,-440.73682,16.57372,1043.84924,-485.47498,-123.54952,935.18713
423,3.517,-293.5321,-146.18272,1029.46448,-315.72647,55.01876,1072.14685,-433.00848,-109.08892,1033.25098,-440.36618,16.498,1043.90088,-485.47498,-123.54952,935.18713
424,3.525,-293.5321,-146.18272,1029.46448,-315.72647,55.01876,1072.14685,-433.125,-108.96488,1033.23608,-440.73022,16.81014,1043.87305,-485.47498,-123.54952,935.18713
425,3.533,-293.5321,-146.18272,1029.46448,-315.72647,55.01876,1072.14685,-433.00848,-109.08892,1033.25098,-440.87817,16.60197,1043.96289,-485.47498,-123.54952,935.18713
426,3.542,-293.73593,-146.36563,1029.46851,-315.72647,55.01876,1072.14685,-433.11417,-109.01627,1033.07507,-440.87817,16.60197,1043.96289,-485.47498,-123.54952,935.18713
427,3.55,-293.73593,-146.36563,1029.46851,-315.72647,55.01876,1072.14685,-433.09308,-109.3384,1033.05225,-440.89264,16.50568,1043.9021,-485.47498,-123.54952,935.18713
428,3.558,-293.73593,-146.36563,1029.46851,-315.72647,55.01876,1072.14685,-433.06857,-109.1268,1033.13025,-440.89264,16.50568,1043.9021,-485.47498,-123.54952,935.18713
429,3.567,-293.73593,-146.36563,1029.46851,-315.72647,55.01876,1072.14685,-433.09308,-109.3384,1033.05225,-440.89264,16.50568,1043.9021,-485.47498,-123.54952,935.18713
430,3.575,-293.73593,-146.36563,1029.46851,-315.72647,55.01876,1072.14685,-433.23035,-109.15135,1033.06409,-440.89264,16.50568,1043.9021,-485.47498,-123.54952,935.18713
431,3.583,-293.73593,-146.36563,1029.46851,-315.72647,55.01876,1072.14685,-433.23035,-109.15135,1033.06409,-440.89264,16.50568,1043.9021,-485.47498,-123.54952,935.18713
432,3.592,-293.73593,-146.36563,1029.46851,-315.72647,55.01876,1072.14685,-433.23035,-109.15135,1033.06409,-440.89264,16.50568,1043.9021,-485.67368,-123.6548,935.24274
433,3.6,-293.73593,-146.36563,1029.46851,-315.72647,55.01876,1072.14685,-433.32346,-109.11536,1033.00171,-440.89264,16.50568,1043.9021,-485.47498,-123.54952,935.18713
434,3.608,-293.98126,-146.237,1029.43262,-315.72647,55.01876,1072.14685,-433.32346,-109.11536,1033.00171,-440.89264,16.50568,1043.9021,-485.67368,-123.6548,935.24274
435,3.617,-294.88852,-146.3586,1029.47632,-315.72647,55.01876,1072.14685,-433.34976,-109.30864,1033.01733,-440.89264,16.50568,1043.9021,-485.67368,-123.6548,935.24274
436,3.625,-294.88852,-146.3586,1029.47632,-315.72647,55.01876,1072.14685,-433.32346,-109.11536,1033.00171,-441.50537,15.98168,1043.9303,-485.87912,-123.68415,935.44495
437,3.633,-294.88852,-146.3586,1029.47632,-315.72647,55.01876,1072.14685,-433.44287,-109.27264,1032.95496,-441.5575,16.47485,1044.12451,-485.87912,-123.68415,935.44495
438,3.642,-294.88852,-146.3586,1029.47632,-315.72647,55.01876,1072.14685,-433.44287,-109.27264,1032.95496,-441.23181,16.47884,1044.06079,-485.87912,-123.68415,935.44495
439,3.65,-294.88852,-146.3586,1029.47632,-315.72647,55.01876,1072.14685,-433.53235,-109.44331,1032.88159,-441.23181,16.47884,1044.06079,-485.87912,-123.68415,935.44495
440,3.658,-294.88852,-146.3586,1029.47632,-315.72647,55.01876,1072.14685,-433.53235,-109.44331,1032.88159,-441.23181,16.47884,1044.06079,-485.87912,-123.68415,935.44495
441,3.667,-294.88852,-146.3586,1029.47632,-315.72647,55.01876,1072.14685,-433.53235,-109.44331,1032.88159,-441.50537,15.98168,1043.9303,-485.67368,-123.6548,935.24274
442,3.675,-294.88852,-146.3586,1029.47632,-315.72647,55.01876,1072.14685,-433.53235,-109.44331,1032.88159,-441.72018,15.61551,1043.73181,-485.87912,-123.68415,935.44495
443,3.683,-294.88852,-146.3586,1029.47632,-315.72647,55.01876,1072.14685,-433.74509,-109.47382,1032.85596,-441.72018,15.61551,1043.73181,-486.05725,-123.56458,935.23596
444,3.692,-294.88852,-146.3586,1029.47632,-315.72647,55.01876,1072.14685,-433.74509,-109.47382,1032.85596,-442.12521,15.14458,1043.7478,-486.05725,-123.56458,935.23596
445,3.7,-295.03278,-146.27806,1029.68518,-315.72647,55.01876,1072.14685,-433.82596,-109.44855,1032.76196,-442.18826,15.50221,1043.70374,-486.05725,-123.56458,935.23596
446,3.708,-294.88852,-146.3586,1029.47632,-315.72647,55.01876,1072.14685,-433.88235,-109.28674,1032.8678,-442.18826,15.50221,1043.70374,-486.25598,-123.66998,935.29156
447,3.717,-294.88852,-146.3586,1029.47632,-316.18744,54.82028,1071.86047,-434.25171,-109.17155,1032.83386,-442.12308,15.5406,1043.68884,-486.05725,-123.56458,935.23596
448,3.725,-294.88852,-146.3586,1029.47632,-316.18744,54.82028,1071.86047,-434.57077,-109.09763,1032.81787,-442.22125,15.57912,1043.62488,-486.25598,-123.66998,935.29156
449,3.733,-294.88852,-146.3586,1029.47632,-315.72647,55.01876,1072.14685,-434.57077,-109.09763,1032.81787,-442.30008,15.52198,1043.63501,-486.36603,-123.61092,935.22894
450,3.742,-295.15796,-146.29839,1029.85242,-316.18744,54.82028,1071.86047,-434.57077,-109.09763,1032.81787,-442.49219,15.62202,1043.68787,-486.36603,-123.61092,935.22894
451,3.75,-295.28513,-146.23167,1029.81213,-316.18744,54.82028,1071.86047,-434.57077,-109.09763,1032.81787,-442.52744,15.70782,1043.7738,-486.36603,-123.61092,935.22894
452,3.758,-294.88852,-146.3586,1029.47632,-316.18744,54.82028,1071.86047,-434.57077,-109.09763,1032.81787,-442.52744,15.70782,1043.7738,-486.36603,-123.61092,935.22894
453,3.767,-295.41034,-146.25197,1029.97949,-316.18744,54.82028,1071.86047,-434.70792,-109.07197,1032.91443,-442.88962,15.82766,1043.60535,-486.36603,-123.61092,935.22894
454,3.775,-295.65567,-146.12334,1029.94373,-316.18744,54.82028,1071.86047,-434.70792,-109.07197,1032.91443,-442.97586,16.14304,1043.6803,-486.50082,-123.46909,935.2077
455,3.783,-295.65567,-146.12334,1029.94373,-316.18744,54.82028,1071.86047,-434.70792,-109.07197,1032.91443,-443.14545,16.11982,1043.35791,-486.50778,-123.37055,934.95032
456,3.792,-295.65567,-146.12334,1029.94373,-316.18744,54.82028,1071.86047,-434.78326,-109.07292,1032.83984,-443.3092,16.1518,1043.46045,-486.50082,-123.46909,935.2077
457,3.8,-295.86725,-146.19991,1029.88501,-316.18744,54.82028,1071.86047,-434.70792,-109.07197,1032.91443,-443.02463,15.85883,1043.68835,-486.50082,-123.46909,935.2077
458,3.808,-295.86725,-146.19991,1029.88501,-316.64175,54.82774,1072.13269,-434.78326,-109.07292,1032.83984,-443.07339,15.71301,1043.61414,-486.50082,-123.46909,935.2077
459,3.817,-295.86725,-146.19991,1029.88501,-316.64175,54.82774,1072.13269,-434.78326,-109.07292,1032.83984,-443.10498,15.81139,1043.4906,-486.50082,-123.46909,935.2077
460,3.825,-295.72293,-146.28049,1029.67615,-317.45575,54.33659,1071.90735,-434.81503,-109.18731,1032.76331,-443.37274,15.6018,1043.05249,-486.50082,-123.46909,935.2077
461,3.833,-295.86725,-146.19991,1029.88501,-317.45575,54.33659,1071.90735,-434.78326,-109.07292,1032.83984,-443.45676,15.9695,1043.16406,-486.50778,-123.37055,934.95032
462,3.842,-295.86725,-146.19991,1029.88501,-317.45575,54.33659,1071.90735,-434.84387,-108.92741,1032.89709,-443.45676,15.9695,1043.16406,-486.78671,-123.31325,934.96741
463,3.85,-295.86725,-146.19991,1029.88501,-317.45575,54.33659,1071.90735,-435.36862,-109.00922,1032.60547,-443.68472,15.91182,1043.42993,-487.14511,-123.16285,934.78461
464,3.858,-295.86725,-146.19991,1029.88501,-317.45575,54.33659,1071.90735,-435.42929,-108.86366,1032.66272,-443.81369,15.99255,1043.20715,-487.89896,-123.25046,934.78192
465,3.867,-295.86725,-146.19991,1029.88501,-317.45575,54.33659,1071.90735,-435.42929,-108.86366,1032.66272,-443.81369,15.99255,1043.20715,-487.89896,-123.25046,934.78192
466,3.875,-296.11798,-146.26262,1029.974,-317.45575,54.33659,1071.90735,-435.53168,-108.78336,1032.7793,-443.72964,15.62487,1043.09546,-487.61115,-123.25963,934.63263
467,3.883,-295.98035,-146.09816,1029.94421,-317.45575,54.33659,1071.90735,-435.42929,-108.86366,1032.66272,-443.50168,15.6826,1042.82959,-487.89896,-123.25046,934.78192
468,3.892,-296.24249,-146.23985,1029.88013,-317.45575,54.33659,1071.90735,-435.5849,-108.65295,1032.70886,-443.81369,15.99255,1043.20715,-487.98322,-123.24837,934.69965
469,3.9,-296.10486,-146.07539,1029.85034,-318.12576,54.46773,1072.00183,-435.9726,-108.49239,1032.82019,-444.2262,16.45377,1043.16467,-487.98322,-123.24837,934.69965
470,3.908,-296.65863,-146.43486,1030.08582,-318.12576,54.46773,1072.00183,-436.18018,-108.49789,1033.05432,-444.2738,16.07697,1043.28088,-487.98322,-123.24837,934.69965
471,3.917,-297.24637,-146.4386,1030.18933,-318.6225,54.6262,1071.91565,-436.64566,-109.04945,1032.94482,-444.2262,16.45377,1043.16467,-487.98322,-123.24837,934.69965
472,3.925,-297.24637,-146.4386,1030.18933,-319.27267,55.44611,1072.32361,-436.47559,-108.60978,1032.99109,-444.30817,16.24808,1043.2323,-487.98322,-123.24837,934.69965
473,3.933,-297.28342,-146.03911,1030.0863,-319.27267,55.44611,1072.32361,-436.35315,-108.47034,1032.89075,-444.44907,16.41836,1043.25049,-488.07324,-123.46284,934.62115
474,3.942,-298.02826,-146.50255,1030.54639,-319.27267,55.44611,1072.32361,-436.35315,-108.47034,1032.89075,-444.58911,16.20918,1043.24634,-487.98322,-123.24837,934.69965
475,3.95,-298.02826,-146.50255,1030.54639,-319.27267,55.44611,1072.32361,-436.35315,-108.47034,1032.89075,-445.02567,16.23553,1043.20276,-488.07324,-123.46284,934.62115
476,3.958,-298.02826,-146.50255,1030.54639,-319.27267,55.44611,1072.32361,-436.47559,-108.60978,1032.99109,-445.34848,16.2357,1043.24744,-488.07324,-123.46284,934.62115
477,3.967,-298.02826,-146.50255,1030.54639,-319.27267,55.44611,1072.32361,-436.67041,-108.93889,1032.84192,-445.34848,16.2357,1043.24744,-487.98322,-123.24837,934.69965
478,3.975,-298.02826,-146.50255,1030.54639,-319.27267,55.44611,1072.32361,-436.67041,-108.93889,1032.84192,-445.44849,16.77433,1043.22009,-488.37271,-123.08038,934.54828
479,3.983,-298.02826,-146.50255,1030.54639,-319.27267,55.44611,1072.32361,-436.67041,-108.93889,1032.84192,-445.44849,16.77433,1043.22009,-488.36316,-122.60236,934.74323
480,3.992,-298.02826,-146.50255,1030.54639,-319.60461,55.10551,1071.76758,-436.83853,-109.02242,1032.87695,-445.52551,16.6945,1043.10559,-488.8038,-122.96137,934.7124
481,4,-298.02826,-146.50255,1030.54639,-319.37323,55.18341,1072.9021,-436.61032,-108.72688,1032.79285,-445.52551,16.6945,1043.10559,-488.5632,-123.33504,934.68292
482,4.008,-298.02826,-146.50255,1030.54639,-319.84381,56.09432,1072.72388,-436.5213,-108.55389,1032.92578,-445.52551,16.6945,1043.10559,-488.63852,-123.58205,934.71924
483,4.017,-298.02826,-146.50255,1030.54639,-319.84381,56.09432,1072.72388,-436.9328,-108.56374,1032.79285,-445.86749,16.66213,1043.28308,-488.9675,-122.91278,934.64478
484,4.025,-298.02826,-146.50255,1030.54639,-320.08951,55.99106,1072.33887,-437.12753,-108.89282,1032.64368,-445.80014,16.86673,1043.19751,-488.9675,-122.91278,934.64478
485,4.033,-297.95496,-146.3456,1030.36877,-321.00861,56.26939,1072.92761,-437.34592,-108.90752,1032.49316,-446.56894,16.92564,1042.84033,-489.12012,-122.30372,934.39539
486,4.042,-298.02826,-146.50255,1030.54639,-320.90796,56.53227,1072.34912,-437.39612,-108.24837,1032.47351,-446.50162,17.13026,1042.75464,-489.12012,-122.30372,934.39539
487,4.05,-298.02826,-146.50255,1030.54639,-320.90796,56.53227,1072.34912,-437.48053,-108.42154,1032.39575,-446.50162,17.13026,1042.75464,-489.25565,-122.34543,934.31555
488,4.058,-297.95496,-146.3456,1030.36877,-320.90796,56.53227,1072.34912,-437.59317,-108.29464,1032.38696,-446.61942,17.0831,1042.6427,-489.25565,-122.34543,934.31555
489,4.067,-297.95496,-146.3456,1030.36877,-321.00861,56.26939,1072.92761,-437.91245,-108.22121,1032.37097,-446.61942,17.0831,1042.6427,-489.25565,-122.34543,934.31555
490,4.075,-298.16141,-146.30835,1030.42053,-321.01608,56.62682,1072.00256,-438.02243,-108.28927,1032.3175,-446.61942,17.0831,1042.6427,-489.25565,-122.34543,934.31555
491,4.083,-298.16141,-146.30835,1030.42053,-321.01608,56.62682,1072.00256,-438.02243,-108.28927,1032.3175,-446.6976,17.2212,1042.35693,-489.25565,-122.34543,934.31555
492,4.092,-298.16141,-146.30835,1030.42053,-321.47287,56.50514,1072.44946,-438.02243,-108.28927,1032.3175,-446.6976,17.2212,1042.35693,-489.25565,-122.34543,934.31555
493,4.1,-298.41904,-146.15335,1030.41895,-322.63953,55.72148,1072.28528,-438.02243,-108.28927,1032.3175,-446.6976,17.2212,1042.35693,-489.48221,-122.70594,934.23199
494,4.108,-298.41904,-146.15335,1030.41895,-322.10657,55.85655,1072.80188,-438.10806,-108.14223,1032.35156,-446.6976,17.2212,1042.35693,-489.48221,-122.70594,934.23199
495,4.117,-298.41904,-146.15335,1030.41895,-322.63953,55.72148,1072.28528,-438.10806,-108.14223,1032.35156,-446.6976,17.2212,1042.35693,-489.25565,-122.34543,934.31555
496,4.125,-298.73529,-146.15303,1030.49548,-322.63953,55.72148,1072.28528,-438.50122,-108.09152,1032.29956,-446.6976,17.2212,1042.35693,-489.25565,-122.34543,934.31555
497,4.133,-299.21838,-145.99072,1030.63232,-322.10657,55.85655,1072.80188,-439.03018,-107.85833,1032.20642,-446.75797,17.41483,1042.45166,-489.25565,-122.34543,934.31555
498,4.142,-299.5614,-146.02885,1030.66052,-322.10657,55.85655,1072.80188,-439.10568,-108.00568,1032.24243,-446.85138,17.60431,1042.51904,-489.25565,-122.34543,934.31555
499,4.15,-299.5614,-146.02885,1030.66052,-322.10657,55.85655,1072.80188,-439.56833,-108.19661,1032.18457,-446.85138,17.60431,1042.51904,-489.70831,-122.71118,934.38239
500,4.158,-299.5614,-146.02885,1030.66052,-322.10657,55.85655,1072.80188,-439.70477,-108.1862,1032.0011,-446.85138,17.60431,1042.51904,-489.48221,-122.70594,934.23199
501,4.167,-299.5614,-146.02885,1030.66052,-322.63953,55.72148,1072.28528,-439.56833,-108.19661,1032.18457,-446.85138,17.60431,1042.51904,-489.70831,-122.71118,934.38239
502,4.175,-299.5614,-146.02885,1030.66052,-322.63953,55.72148,1072.28528,-439.3403,-107.90158,1032.10046,-446.85138,17.60431,1042.51904,-489.25565,-122.34543,934.31555
503,4.183,-299.5614,-146.02885,1030.66052,-322.63953,55.72148,1072.28528,-439.38779,-107.71861,1032.0498,-446.85138,17.60431,1042.51904,-489.25565,-122.34543,934.31555
504,4.192,-299.5614,-146.02885,1030.66052,-322.63953,55.72148,1072.28528,-439.15314,-107.82272,1032.19177,-446.85138,17.60431,1042.51904,-489.48181,-122.3507,934.466
505,4.2,-299.5614,-146.02885,1030.66052,-322.63953,55.72148,1072.28528,-439.61581,-108.01362,1032.13391,-446.95145,17.44755,1042.47095,-489.70831,-122.71118,934.38239
506,4.208,-299.5614,-146.02885,1030.66052,-322.63953,55.72148,1072.28528,-439.7211,-108.35711,1031.94153,-447.32214,16.95719,1042.64661,-490.00668,-122.92798,934.30365
507,4.217,-299.85791,-145.52824,1030.72485,-322.63953,55.72148,1072.28528,-439.7211,-108.35711,1031.94153,-447.4339,16.97687,1042.57813,-490.00668,-122.92798,934.30365
508,4.225,-299.5614,-146.02885,1030.66052,-322.63953,55.72148,1072.28528,-439.87747,-108.47879,1031.88391,-447.32214,16.95719,1042.64661,-490.00668,-122.92798,934.30365
509,4.233,-299.6947,-145.83469,1030.53479,-322.63953,55.72148,1072.28528,-439.87747,-108.47879,1031.88391,-447.12549,17.20303,1042.55249,-489.76602,-122.78304,934.19391
510,4.242,-299.99118,-145.33409,1030.59912,-323.09409,55.72906,1072.55786,-439.87747,-108.47879,1031.88391,-446.9632,17.62398,1042.45044,-490.08984,-122.42776,933.97485
511,4.25,-299.99118,-145.33409,1030.59912,-323.09409,55.72906,1072.55786,-439.87747,-108.47879,1031.88391,-446.9632,17.62398,1042.45044,-490.08984,-122.42776,933.97485
512,4.258,-299.99118,-145.33409,1030.59912,-323.09409,55.72906,1072.55786,-440.14697,-108.34574,1031.96448,-447.23727,17.22271,1042.48401,-490.08984,-122.42776,933.97485
513,4.267,-299.99118,-145.33409,1030.59912,-323.09409,55.72906,1072.55786,-440.14697,-108.34574,1031.96448,-447.4339,16.97687,1042.57813,-490.70853,-122.92768,933.90332
514,4.275,-299.99118,-145.33409,1030.59912,-323.09409,55.72906,1072.55786,-440.41333,-108.35322,1032.0105,-447.66196,16.91863,1042.84399,-490.70853,-122.92768,933.90332
515,4.283,-299.99567,-145.49861,1030.62915,-323.09409,55.72906,1072.55786,-440.59467,-108.26138,1031.87134,-447.93466,16.42294,1042.71387,-490.70853,-122.92768,933.90332
516,4.292,-300.12894,-145.30446,1030.50342,-323.09409,55.72906,1072.55786,-440.59467,-108.26138,1031.87134,-448.37131,16.4484,1042.67004,-491.09003,-122.81246,933.88153
517,4.3,-300.34061,-145.38116,1030.44482,-323.09409,55.72906,1072.55786,-440.59467,-108.26138,1031.87134,-448.09879,16.94401,1042.80029,-491.09402,-122.65438,933.98285
518,4.308,-300.20734,-145.5753,1030.57056,-323.09409,55.72906,1072.55786,-440.81622,-107.83849,1032.05103,-447.62845,17.59089,1042.67273,-491.05942,-122.54201,933.86487
519,4.317,-300.58606,-145.25272,1030.40918,-323.09409,55.72906,1072.55786,-440.83908,-108.25584,1031.98914,-448.09879,16.94401,1042.80029,-491.05942,-122.54201,933.86487
520,4.325,-300.68683,-145.42603,1030.57092,-323.09409,55.72906,1072.55786,-440.83908,-108.25584,1031.98914,-448.41473,16.2525,1042.56653,-491.30432,-122.84113,934.01782
521,4.333,-300.30814,-145.74858,1030.73218,-323.09409,55.72906,1072.55786,-440.66071,-108.01659,1031.80042,-448.37131,16.4484,1042.67004,-491.30432,-122.84113,934.01782
522,4.342,-300.55359,-145.62015,1030.69653,-323.09409,55.72906,1072.55786,-440.90512,-108.01107,1031.91821,-448.37131,16.4484,1042.67004,-491.30432,-122.84113,934.01782
523,4.35,-300.58606,-145.25272,1030.40918,-323.09409,55.72906,1072.55786,-440.83908,-108.25584,1031.98914,-448.09879,16.94401,1042.80029,-491.42914,-122.79929,933.9129
524,4.358,-300.58606,-145.25272,1030.40918,-323.09409,55.72906,1072.55786,-440.83908,-108.25584,1031.98914,-448.14221,16.74815,1042.69678,-491.44699,-122.63662,934.00256
525,4.367,-300.45279,-145.44685,1030.53491,-323.09409,55.72906,1072.55786,-440.83908,-108.25584,1031.98914,-448.09879,16.94401,1042.80029,-491.73215,-122.47623,933.81873
526,4.375,-300.45279,-145.44685,1030.53491,-323.09409,55.72906,1072.55786,-440.83908,-108.25584,1031.98914,-448.14221,16.74815,1042.69678,-491.56366,-122.45953,934.16827
527,4.383,-300.58606,-145.25272,1030.40918,-323.09409,55.72906,1072.55786,-440.66071,-108.01659,1031.80042,-448.41473,16.2525,1042.56653,-491.44699,-122.63662,934.00256
528,4.392,-300.68683,-145.42603,1030.57092,-323.09409,55.72906,1072.55786,-440.90512,-108.01107,1031.91821,-448.41473,16.2525,1042.56653,-491.5625,-123.02512,934.05048
529,4.4,-300.68683,-145.42603,1030.57092,-323.62729,55.59466,1072.04187,-440.83908,-108.25584,1031.98914,-448.41473,16.2525,1042.56653,-491.56366,-122.45953,934.16827
530,4.408,-300.58606,-145.25272,1030.40918,-323.09409,55.72906,1072.55786,-440.83908,-108.25584,1031.98914,-448.41473,16.2525,1042.56653,-491.42914,-122.79929,933.9129
531,4.417,-300.58606,-145.25272,1030.40918,-323.09409,55.72906,1072.55786,-440.83908,-108.25584,1031.98914,-448.41473,16.2525,1042.56653,-491.42914,-122.79929,933.9129
532,4.425,-300.58606,-145.25272,1030.40918,-323.09409,55.72906,1072.55786,-440.84875,-108.35356,1031.90137,-448.14221,16.74815,1042.69678,-491.30032,-122.99919,933.9165
533,4.433,-300.58606,-145.25272,1030.40918,-323.73602,55.06684,1071.78625,-440.91479,-108.1088,1031.83044,-448.4855,16.79369,1042.36169,-491.58542,-122.83889,933.73273
534,4.442,-300.58606,-145.25272,1030.40918,-323.09409,55.72906,1072.55786,-440.91479,-108.1088,1031.83044,-448.84393,16.25396,1042.13611,-492.04578,-122.54564,933.83594
535,4.45,-300.58606,-145.25272,1030.40918,-323.09409,55.72906,1072.55786,-440.91479,-108.1088,1031.83044,-448.9595,15.97401,1041.96338,-491.87985,-123.12125,933.90271
536,4.458,-300.58606,-145.25272,1030.40918,-323.20282,55.20126,1072.30237,-440.84875,-108.35356,1031.90137,-448.84714,15.61836,1042.20728,-491.62955,-123.33441,934.00226
537,4.467,-300.93802,-145.03958,1030.40381,-323.20282,55.20126,1072.30237,-440.84875,-108.35356,1031.90137,-449.02026,15.77046,1042.19019,-491.60211,-123.08218,933.62695
538,4.475,-300.68683,-145.42603,1030.57092,-323.62729,55.59466,1072.04187,-440.90512,-108.01107,1031.91821,-449.18927,16.11475,1042.14197,-492.00467,-122.47445,933.43427
539,4.483,-300.83878,-145.20639,1030.53638,-323.73602,55.06684,1071.78625,-440.91479,-108.1088,1031.83044,-449.30185,16.46992,1041.89795,-492.47049,-121.62787,933.80963
540,4.492,-300.83878,-145.20639,1030.53638,-323.6749,55.36381,1072.19067,-440.91479,-108.1088,1031.83044,-449.73871,16.49465,1041.85413,-492.44382,-121.98607,933.79266
541,4.5,-300.83878,-145.20639,1030.53638,-323.87326,55.33291,1072.39746,-440.90512,-108.01107,1031.91821,-449.9108,16.20341,1041.8772,-492.2034,-122.58934,933.90796
542,4.508,-300.83878,-145.20639,1030.53638,-323.76437,55.86058,1072.65295,-440.83908,-108.25584,1031.98914,-449.47403,16.17864,1041.9209,-492.22754,-122.7515,933.76361
543,4.517,-300.83878,-145.20639,1030.53638,-324.40643,55.19839,1071.88135,-440.83908,-108.25584,1031.98914,-449.30484,15.83475,1041.96924,-492.02051,-123.14758,933.58081
544,4.525,-300.83878,-145.20639,1030.53638,-324.40643,55.19839,1071.88135,-440.90512,-108.01107,1031.91821,-449.30484,15.83475,1041.96924,-491.95773,-122.84483,933.64905
545,4.533,-300.83878,-145.20639,1030.53638,-323.87326,55.33291,1072.39746,-440.90512,-108.01107,1031.91821,-449.67691,16.02402,1042.08032,-492.47049,-121.62787,933.80963
546,4.542,-300.83878,-145.20639,1030.53638,-324.40643,55.19839,1071.88135,-440.90512,-108.01107,1031.91821,-449.47403,16.17864,1041.9209,-492.44254,-121.74521,933.52051
547,4.55,-300.83878,-145.20639,1030.53638,-324.29758,55.72608,1072.13684,-440.90512,-108.01107,1031.91821,-449.00546,16.92003,1041.95691,-492.05313,-121.89137,933.28864
548,4.558,-300.83878,-145.20639,1030.53638,-324.40643,55.19839,1071.88135,-440.90512,-108.01107,1031.91821,-449.88962,16.41172,1042.02185,-492.31696,-122.43588,933.68616
549,4.567,-300.97305,-145.09119,1030.59705,-324.90335,55.35715,1071.79553,-440.90512,-108.01107,1031.91821,-450.00476,16.13701,1041.84338,-492.28488,-122.62323,933.71021
550,4.575,-300.83878,-145.20639,1030.53638,-324.90335,55.35715,1071.79553,-440.90512,-108.01107,1031.91821,-450.00476,16.13701,1041.84338,-492.63474,-121.96027,933.81085
551,4.583,-301.09006,-144.81989,1030.36938,-324.7944,55.88474,1072.05103,-440.90512,-108.01107,1031.91821,-449.77896,16.08856,1042.09753,-492.75476,-122.08539,933.79279
552,4.592,-301.64255,-144.37149,1029.98291,-324.90335,55.35715,1071.79553,-440.90512,-108.01107,1031.91821,-449.7377,16.11007,1041.85681,-492.61243,-121.6814,933.70337
553,4.6,-301.64255,-144.37149,1029.98291,-324.90335,55.35715,1071.79553,-440.90512,-108.01107,1031.91821,-450.44333,16.43876,1041.89136,-492.32797,-122.0562,933.12274
554,4.608,-301.22433,-144.70465,1030.42993,-324.90335,55.35715,1071.79553,-440.91479,-108.1088,1031.83044,-450.39981,16.48495,1041.98828,-492.52283,-121.55234,933.11865
555,4.617,-301.22433,-144.70465,1030.42993,-324.90335,55.35715,1071.79553,-440.91479,-108.1088,1031.83044,-450.38486,16.45723,1042.00537,-492.47534,-121.52485,933.02338
556,4.625,-301.64255,-144.37149,1029.98291,-324.90335,55.35715,1071.79553,-440.90512,-108.01107,1031.91821,-450.55878,16.15891,1041.71887,-492.72076,-121.40122,933.4845
557,4.633,-301.64255,-144.37149,1029.98291,-324.90335,55.35715,1071.79553,-441.05203,-108.08326,1031.92725,-450.55878,16.15891,1041.71887,-492.78973,-121.44396,933.56879
558,4.642,-301.64255,-144.37149,1029.98291,-324.90335,55.35715,1071.79553,-441.23416,-108.036,1031.81445,-450.55878,16.15891,1041.71887,-492.50632,-122.32447,933.11182
559,4.65,-301.64255,-144.37149,1029.98291,-324.29758,55.72608,1072.13684,-440.91479,-108.1088,1031.83044,-450.12213,16.13402,1041.76257,-492.47223,-121.98854,933.47565
560,4.658,-301.39532,-145.10019,1030.39709,-324.7944,55.88474,1072.05103,-440.91479,-108.1088,1031.83044,-450.12213,16.13402,1041.76257,-492.72076,-121.40122,933.4845
561,4.667,-301.53574,-145.00502,1030.07178,-324.90335,55.35715,1071.79553,-441.03885,-107.77785,1031.75537,-450.12213,16.13402,1041.76257,-492.62555,-121.47268,932.8905
562,4.675,-301.53574,-145.00502,1030.07178,-324.90335,55.35715,1071.79553,-441.36792,-107.80277,1031.65161,-450.54358,16.97727,1041.86414,-492.61227,-121.34364,933.19574
563,4.683,-301.85376,-144.50166,1029.84583,-324.7944,55.88474,1072.05103,-441.49548,-107.67944,1031.83618,-450.38486,16.45723,1042.00537,-492.72076,-121.40122,933.4845
564,4.692,-301.32458,-144.87483,1030.20886,-324.7944,55.88474,1072.05103,-441.36792,-107.80277,1031.65161,-450.55878,16.15891,1041.71887,-492.60028,-121.72893,933.38513
565,4.7,-301.85376,-144.50166,1029.84583,-324.90335,55.35715,1071.79553,-441.03885,-107.77785,1031.75537,-450.55878,16.15891,1041.71887,-492.30475,-122.37771,933.23114
566,4.708,-301.85376,-144.50166,1029.84583,-324.90335,55.35715,1071.79553,-440.91479,-108.1088,1031.83044,-449.83746,16.07001,1041.98364,-492.52982,-122.30848,933.57568
567,4.717,-301.85376,-144.50166,1029.84583,-324.7944,55.88474,1072.05103,-441.04852,-107.87559,1031.6676,-449.83746,16.07001,1041.98364,-492.74036,-121.48903,933.91602
568,4.725,-301.64255,-144.37149,1029.98291,-324.90335,55.35715,1071.79553,-440.91479,-108.1088,1031.83044,-450.44333,16.43876,1041.89136,-492.77737,-121.26778,933.72717
569,4.733,-301.85376,-144.50166,1029.84583,-324.90335,55.35715,1071.79553,-441.23416,-108.036,1031.81445,-450.44333,16.43876,1041.89136,-492.80881,-121.23561,933.38733
570,4.742,-301.64255,-144.37149,1029.98291,-324.7944,55.88474,1072.05103,-441.49548,-107.67944,1031.83618,-450.55878,16.15891,1041.71887,-492.91913,-121.23308,933.42108
571,4.75,-301.64255,-144.37149,1029.98291,-324.7944,55.88474,1072.05103,-440.93149,-107.8801,1031.84241,-450.45905,16.19896,1041.59204,-492.91913,-121.23308,933.42108
572,4.758,-301.85376,-144.50166,1029.84583,-324.7944,55.88474,1072.05103,-441.05551,-107.54918,1031.76733,-450.12213,16.13402,1041.76257,-492.96417,-121.06669,933.55432
573,4.767,-301.64255,-144.37149,1029.98291,-324.90335,55.35715,1071.79553,-441.19275,-107.52364,1031.86414,-449.85019,16.46539,1041.61279,-492.98041,-121.15588,933.80121
574,4.775,-301.64255,-144.37149,1029.98291,-324.47778,56.20934,1071.87524,-441.05551,-107.54918,1031.76733,-450.17151,16.77002,1041.74158,-492.96747,-121.13494,933.64392
575,4.783,-301.71326,-144.59691,1030.17126,-324.47778,56.20934,1071.87524,-441.19275,-107.52364,1031.86414,-450.27124,16.72999,1041.86841,-492.97702,-120.92077,933.66577
576,4.792,-301.71326,-144.59691,1030.17126,-324.47778,56.20934,1071.87524,-441.19275,-107.52364,1031.86414,-449.83441,16.70519,1041.91223,-492.96912,-120.73544,933.67395
577,4.8,-301.64255,-144.37149,1029.98291,-324.7944,55.88474,1072.05103,-441.05551,-107.54918,1031.76733,-449.89206,17.60511,1041.64429,-492.95615,-120.71445,933.5166
578,4.808,-301.64255,-144.37149,1029.98291,-324.47778,56.20934,1071.87524,-441.37494,-107.47638,1031.75134,-450.37149,17.26849,1041.84106,-492.96075,-120.83151,933.41882
579,4.817,-301.64255,-144.37149,1029.98291,-324.47778,56.20934,1071.87524,-441.05551,-107.54918,1031.76733,-450.17151,16.77002,1041.74158,-492.96075,-120.83151,933.41882
580,4.825,-301.64255,-144.37149,1029.98291,-324.47778,56.20934,1071.87524,-441.05551,-107.54918,1031.76733,-449.86743,16.9374,1041.87292,-492.98996,-120.94171,933.82312
581,4.833,-301.85376,-144.50166,1029.84583,-324.47778,56.20934,1071.87524,-440.92181,-107.78236,1031.93018,-449.98297,16.6576,1041.70032,-492.98538,-120.82463,933.9209
582,4.842,-301.64255,-144.37149,1029.98291,-324.47778,56.20934,1071.87524,-440.92181,-107.78236,1031.93018,-449.54962,16.64122,1042.13318,-492.96912,-120.73544,933.67395
583,4.85,-301.71326,-144.59691,1030.17126,-324.47778,56.20934,1071.87524,-441.05551,-107.54918,1031.76733,-449.73465,16.74522,1041.7854,-492.96075,-120.83151,933.41882
584,4.858,-301.64255,-144.37149,1029.98291,-324.47778,56.20934,1071.87524,-441.05551,-107.54918,1031.76733,-449.73465,16.74522,1041.7854,-492.96075,-120.83151,933.41882
585,4.867,-301.64255,-144.37149,1029.98291,-324.47778,56.20934,1071.87524,-441.05551,-107.54918,1031.76733,-450.31119,16.57945,1041.49451,-492.96417,-121.06669,933.55432
586,4.875,-301.64255,-144.37149,1029.98291,-324.47778,56.20934,1071.87524,-441.05551,-107.54918,1031.76733,-450.34424,16.81167,1041.4552,-493.09323,-121.2205,933.52771
587,4.883,-301.64255,-144.37149,1029.98291,-324.37723,56.47208,1071.29614,-441.05551,-107.54918,1031.76733,-449.87442,16.55461,1041.53833,-492.9512,-121.0457,933.39697
588,4.892,-301.64255,-144.37149,1029.98291,-324.37723,56.47208,1071.29614,-441.05551,-107.54918,1031.76733,-449.75891,16.83443,1041.71082,-492.96417,-121.06669,933.55432
589,4.9,-301.64255,-144.37149,1029.98291,-324.58676,55.68176,1071.61963,-441.05551,-107.54918,1031.76733,-449.79193,17.06663,1041.67163,-492.72055,-122.02042,933.80804
590,4.908,-301.50037,-144.51625,1029.92627,-324.47778,56.20934,1071.87524,-441.05551,-107.54918,1031.76733,-450.19577,16.85923,1041.66711,-492.96747,-121.13494,933.64392
591,4.917,-301.64255,-144.37149,1029.98291,-324.37723,56.47208,1071.29614,-441.24121,-107.70957,1031.91406,-450.31119,16.57945,1041.49451,-492.96075,-120.83151,933.41882
592,4.925,-301.64255,-144.37149,1029.98291,-324.37723,56.47208,1071.29614,-441.37494,-107.47638,1031.75134,-450.44446,17.35019,1041.42798,-493.09323,-121.2205,933.52771
593,4.933,-301.50037,-144.51625,1029.92627,-324.47778,56.20934,1071.87524,-441.37494,-107.47638,1031.75134,-450.44446,17.35019,1041.42798,-492.9512,-121.0457,933.39697
594,4.942,-301.64255,-144.37149,1029.98291,-324.47778,56.20934,1071.87524,-441.06522,-107.64692,1031.67957,-450.34424,16.81167,1041.4552,-492.96075,-120.83151,933.41882
595,4.95,-301.50037,-144.51625,1029.92627,-324.47778,56.20934,1071.87524,-441.06522,-107.64692,1031.67957,-450.34424,16.81167,1041.4552,-492.96075,-120.83151,933.41882
596,4.958,-301.64255,-144.37149,1029.98291,-324.37723,56.47208,1071.29614,-441.06522,-107.64692,1031.67957,-450.22879,17.09143,1041.62781,-492.96075,-120.83151,933.41882
597,4.967,-301.71158,-144.64641,1029.78918,-324.58676,55.68176,1071.61963,-441.06522,-107.64692,1031.67957,-449.79193,17.06663,1041.67163,-492.96075,-120.83151,933.41882
598,4.975,-301.50037,-144.51625,1029.92627,-324.58676,55.68176,1071.61963,-441.06522,-107.64692,1031.67957,-450.22879,17.09143,1041.62781,-492.96075,-120.83151,933.41882
599,4.983,-301.50037,-144.51625,1029.92627,-324.58676,55.68176,1071.61963,-441.38461,-107.57411,1031.66357,-450.34424,16.81167,1041.4552,-492.96075,-120.83151,933.41882
600,4.992,-301.71158,-144.64641,1029.78918,-324.58676,55.68176,1071.61963,-441.06522,-107.64692,1031.67957,-450.34424,16.81167,1041.4552,-492.83389,-121.18392,933.23938
601,5,-301.71158,-144.64641,1029.78918,-324.58676,55.68176,1071.61963,-441.38461,-107.57411,1031.66357,-450.45905,16.19896,1041.59204,-492.9512,-121.0457,933.39697
602,5.008,-301.71158,-144.64641,1029.78918,-324.58676,55.68176,1071.61963,-441.36792,-107.80277,1031.65161,-450.58353,16.82671,1041.49023,-492.9512,-121.0457,933.39697
603,5.017,-301.71158,-144.64641,1029.78918,-324.58676,55.68176,1071.61963,-441.04852,-107.87559,1031.6676,-450.44385,17.01733,1041.7373,-492.83389,-121.18392,933.23938
604,5.025,-301.71158,-144.64641,1029.78918,-324.58676,55.68176,1071.61963,-441.04852,-107.87559,1031.6676,-450.3436,16.47882,1041.76465,-492.7774,-121.13483,933.0564
605,5.033,-302.10455,-144.34877,1029.78394,-324.58676,55.68176,1071.61963,-441.03687,-108.03873,1031.5426,-450.45905,16.19896,1041.59204,-492.76569,-121.35477,933.17114
606,5.042,-302.24548,-144.56517,1029.65283,-324.48621,55.94448,1071.04041,-441.35623,-107.96594,1031.52649,-450.45905,16.19896,1041.59204,-492.58487,-121.9213,932.87915
607,5.05,-302.24548,-144.56517,1029.65283,-324.48621,55.94448,1071.04041,-441.35623,-107.96594,1031.52649,-450.48328,16.2882,1041.51758,-492.69644,-122.52547,932.53516
608,5.058,-302.24548,-144.56517,1029.65283,-324.48621,55.94448,1071.04041,-441.35623,-107.96594,1031.52649,-450.57361,16.26421,1041.61914,-492.76834,-122.33597,932.65588
609,5.067,-302.36459,-144.43797,1029.70984,-324.48621,55.94448,1071.04041,-441.45148,-107.82922,1031.22424,-450.85117,16.83305,1041.42273,-493.13284,-121.99308,932.39075
610,5.075,-302.36459,-144.43797,1029.70984,-324.48621,55.94448,1071.04041,-441.35623,-107.96594,1031.52649,-450.62003,16.76977,1041.40955,-492.84399,-121.95354,932.14008
611,5.083,-302.24548,-144.56517,1029.65283,-324.48621,55.94448,1071.04041,-441.45148,-107.82922,1031.22424,-450.62833,16.99005,1041.45288,-492.63336,-122.51156,931.9054
612,5.092,-302.24548,-144.56517,1029.65283,-324.48621,55.94448,1071.04041,-441.4436,-107.81812,1031.09119,-450.62292,16.41601,1041.45361,-492.87692,-122.46422,931.74786
613,5.1,-302.36459,-144.43797,1029.70984,-324.48621,55.94448,1071.04041,-441.61386,-107.8311,1031.31543,-450.62292,16.41601,1041.45361,-493.04184,-122.6357,932.01678
614,5.108,-302.36459,-144.43797,1029.70984,-324.48621,55.94448,1071.04041,-441.45148,-107.82922,1031.22424,-450.73846,16.90145,1041.39783,-493.20761,-122.16986,932.22266
615,5.117,-303.0484,-144.48087,1029.78381,-324.48621,55.94448,1071.04041,-441.61386,-107.8311,1031.31543,-450.73846,16.90145,1041.39783,-493.20761,-122.16986,932.22266
616,5.125,-303.0484,-144.48087,1029.78381,-324.48621,55.94448,1071.04041,-441.83591,-108.01349,1031.17334,-450.73846,16.90145,1041.39783,-493.03732,-122.75952,931.92267
617,5.133,-303.1405,-144.73833,1029.58972,-324.48621,55.94448,1071.04041,-441.88773,-108.01866,1031.08118,-450.78091,17.11351,1041.35022,-493.03732,-122.75952,931.92267
618,5.142,-302.96347,-145.1674,1029.7229,-324.48621,55.94448,1071.04041,-441.79248,-108.15539,1031.3833,-450.90363,17.00369,1041.43347,-492.87241,-122.58805,931.65381
619,5.15,-302.96347,-145.1674,1029.7229,-324.48621,55.94448,1071.04041,-441.8956,-108.02975,1031.21423,-450.73846,16.90145,1041.39783,-492.87241,-122.58805,931.65381
620,5.158,-302.96347,-145.1674,1029.7229,-324.48621,55.94448,1071.04041,-441.80032,-108.16644,1031.51636,-450.90363,17.00369,1041.43347,-493.03732,-122.75952,931.92267
621,5.167,-302.96347,-145.1674,1029.7229,-324.48621,55.94448,1071.04041,-442.15829,-107.93411,1031.10803,-450.90363,17.00369,1041.43347,-493.03732,-122.75952,931.92267
622,5.175,-302.96347,-145.1674,1029.7229,-324.48621,55.94448,1071.04041,-442.15042,-107.923,1030.97498,-450.90363,17.00369,1041.43347,-493.03732,-122.75952,931.92267
623,5.183,-302.96347,-145.1674,1029.7229,-324.48621,55.94448,1071.04041,-442.17459,-108.13496,1030.89697,-450.90363,17.00369,1041.43347,-493.03732,-122.75952,931.92267
624,5.192,-302.96347,-145.1674,1029.7229,-324.48621,55.94448,1071.04041,-441.81668,-108.36732,1031.3053,-451.01382,16.91522,1041.37854,-493.32773,-122.81389,932.06689
625,5.2,-302.96347,-145.1674,1029.7229,-324.48621,55.94448,1071.04041,-442.13831,-108.24938,1031.2738,-451.24023,17.0125,1041.53784,-492.87241,-122.58805,931.65381
626,5.208,-303.1012,-145.13777,1029.62732,-324.98331,56.10342,1070.95483,-442.17459,-108.13496,1030.89697,-451.19067,16.8516,1041.60681,-493.16281,-122.64244,931.79797
627,5.217,-303.1012,-145.13777,1029.62732,-324.98331,56.10342,1070.95483,-442.17459,-108.13496,1030.89697,-451.24023,17.0125,1041.53784,-493.0535,-122.48392,931.48584
628,5.225,-303.20123,-145.043,1029.68835,-325.63995,55.59539,1070.99463,-442.17459,-108.13496,1030.89697,-451.47894,16.27151,1041.68848,-493.68188,-122.90258,931.88562
629,5.233,-303.1012,-145.13777,1029.62732,-325.97702,55.05229,1070.39685,-442.38327,-108.10431,1030.92981,-451.47894,16.27151,1041.68848,-493.48419,-122.89742,931.76752
630,5.242,-303.29489,-145.0141,1029.63892,-325.74918,55.06788,1070.73914,-442.48172,-108.37441,1030.70935,-451.86154,16.32529,1041.45667,-493.75467,-123.08866,931.60229
631,5.25,-303.48026,-144.93526,1029.57983,-325.63995,55.59539,1070.99463,-442.75864,-108.46585,1030.72974,-451.83359,16.69639,1041.64014,-493.68188,-122.90258,931.88562
632,5.258,-303.5527,-144.85919,1029.63745,-326.20395,56.06059,1071.19775,-442.63797,-108.68893,1031.1582,-452.00485,16.66187,1041.62061,-493.68188,-122.90258,931.88562
633,5.267,-303.48026,-144.93526,1029.57983,-327.76797,55.25349,1070.39014,-442.64764,-108.78664,1031.07043,-451.90106,16.67613,1041.51575,-493.51703,-122.73113,931.61676
634,5.275,-303.5527,-144.85919,1029.63745,-327.76797,55.25349,1070.39014,-442.51071,-108.39639,1031.04395,-452.00485,16.66187,1041.62061,-493.51703,-122.73113,931.61676
635,5.283,-303.48026,-144.93526,1029.57983,-327.76797,55.25349,1070.39014,-442.75473,-108.39226,1030.70032,-452.04453,16.79034,1041.27649,-493.51703,-122.73113,931.61676
636,5.292,-303.5527,-144.85919,1029.63745,-327.59467,55.72743,1070.7312,-442.6795,-108.39121,1030.77466,-452.14835,16.77608,1041.38135,-494.05676,-122.76385,931.74176
637,5.3,-303.48026,-144.93526,1029.57983,-327.76797,55.25349,1070.39014,-442.84351,-108.56461,1030.56763,-452.14835,16.77608,1041.38135,-493.8219,-122.79269,931.67725
638,5.308,-303.48026,-144.93526,1029.57983,-327.76797,55.25349,1070.39014,-442.97076,-108.85721,1030.68188,-452.17184,16.95149,1041.2793,-493.89465,-122.97874,931.39392
639,5.317,-303.48026,-144.93526,1029.57983,-327.76797,55.25349,1070.39014,-442.97076,-108.85721,1030.68188,-452.13214,16.82298,1041.62329,-493.75467,-123.08866,931.60229
640,5.325,-303.57596,-144.92747,1029.49084,-327.59467,55.72743,1070.7312,-442.98459,-108.58583,1030.69141,-452.17184,16.95149,1041.2793,-493.85162,-122.50599,931.6756
641,5.333,-303.57596,-144.92747,1029.49084,-327.59467,55.72743,1070.7312,-443.11182,-108.87834,1030.80566,-452.17184,16.95149,1041.2793,-493.92438,-122.69202,931.39233
642,5.342,-303.57596,-144.92747,1029.49084,-327.76797,55.25349,1070.39014,-443.20847,-109.0618,1030.80591,-452.17184,16.95149,1041.2793,-494.15924,-122.66318,931.45685
643,5.35,-303.57596,-144.92747,1029.49084,-327.76797,55.25349,1070.39014,-443.20059,-109.0507,1030.67285,-452.27563,16.93723,1041.38403,-494.15924,-122.66318,931.45685
644,5.358,-303.64517,-144.85963,1029.22083,-327.76797,55.25349,1070.39014,-443.07333,-108.75818,1030.55859,-452.27563,16.93723,1041.38403,-494.15924,-122.66318,931.45685
645,5.367,-303.79755,-144.81267,1029.04395,-327.76797,55.25349,1070.39014,-443.07333,-108.75818,1030.55859,-452.53445,17.0696,1041.1106,-494.45084,-122.61614,931.50659
646,5.375,-304.01843,-144.47908,1028.85962,-327.76797,55.25349,1070.39014,-443.20059,-109.0507,1030.67285,-452.54831,16.99565,1041.30542,-494.54196,-122.35058,931.59613
647,5.383,-303.86603,-144.52606,1029.03638,-327.76797,55.25349,1070.39014,-443.20059,-109.0507,1030.67285,-452.17184,16.95149,1041.2793,-494.25034,-122.39764,931.54639
648,5.392,-304.01843,-144.47908,1028.85962,-327.76797,55.25349,1070.39014,-443.36298,-109.05302,1030.76428,-452.17184,16.95149,1041.2793,-494.15924,-122.66318,931.45685
649,5.4,-304.08972,-144.39957,1028.92444,-327.76797,55.25349,1070.39014,-443.41422,-108.94708,1030.69336,-452.6521,16.9814,1041.41028,-494.45084,-122.61614,931.50659
650,5.408,-304.2114,-144.4039,1028.78589,-327.76797,55.25349,1070.39014,-443.36298,-109.05302,1030.76428,-452.90921,17.07616,1041.26196,-494.96118,-122.45169,931.37408
651,5.417,-304.27631,-144.32414,1028.85803,-327.76797,55.25349,1070.39014,-443.7861,-109.04808,1030.69922,-453.08237,17.07935,1041.28711,-495.05237,-122.1861,931.46362
652,5.425,-304.51443,-144.44467,1028.80066,-327.76797,55.25349,1070.39014,-443.5704,-109.06848,1030.63574,-452.90921,17.07616,1041.26196,-495.05237,-122.1861,931.46362
653,5.433,-304.76682,-144.51888,1028.75562,-327.92328,55.58935,1070.21838,-443.41422,-108.94708,1030.69336,-452.80542,17.09042,1041.1571,-494.82639,-122.26408,931.53625
654,5.442,-304.8317,-144.43912,1028.82776,-327.92328,55.58935,1070.21838,-443.5704,-109.06848,1030.63574,-452.80542,17.09042,1041.1571,-494.77319,-122.27171,931.52472
655,5.45,-304.8317,-144.43912,1028.82776,-327.92328,55.58935,1070.21838,-443.74387,-108.8126,1030.73682,-453.16888,17.39437,1041.36194,-495.05237,-122.1861,931.46362
656,5.458,-304.8317,-144.43912,1028.82776,-327.92328,55.58935,1070.21838,-443.74387,-108.8126,1030.73682,-453.27264,17.38011,1041.46667,-495.05237,-122.1861,931.46362
657,5.467,-304.8317,-144.43912,1028.82776,-327.92328,55.58935,1070.21838,-443.89999,-108.93398,1030.6792,-453.18613,17.0651,1041.39197,-495.05237,-122.1861,931.46362
658,5.475,-304.8317,-144.43912,1028.82776,-327.92328,55.58935,1070.21838,-443.84344,-108.85162,1030.43433,-453.18613,17.0651,1041.39197,-495.13574,-122.16461,931.39777
659,5.483,-304.8317,-144.43912,1028.82776,-327.92328,55.58935,1070.21838,-443.85074,-109.04803,1030.94836,-453.27264,17.38011,1041.46667,-495.05237,-122.1861,931.46362
660,5.492,-305.12057,-144.52638,1028.83044,-327.92328,55.58935,1070.21838,-443.85074,-109.04803,1030.94836,-453.27264,17.38011,1041.46667,-495.13574,-122.16461,931.39777
661,5.5,-305.12057,-144.52638,1028.83044,-327.92328,55.58935,1070.21838,-443.85074,-109.04803,1030.94836,-453.27264,17.38011,1041.46667,-495.21054,-121.96432,931.51398
662,5.508,-305.12057,-144.52638,1028.83044,-327.92328,55.58935,1070.21838,-443.85074,-109.04803,1030.94836,-453.27264,17.38011,1041.46667,-495.21054,-121.96432,931.51398
663,5.517,-305.16779,-144.66559,1028.7511,-327.92328,55.58935,1070.21838,-443.85074,-109.04803,1030.94836,-452.90921,17.07616,1041.26196,-495.13574,-122.16461,931.39777
664,5.525,-305.12057,-144.52638,1028.83044,-327.92328,55.58935,1070.21838,-444.01746,-108.9763,1030.86182,-453.18613,17.0651,1041.39197,-495.13574,-122.16461,931.39777
665,5.533,-305.16779,-144.66559,1028.7511,-327.92328,55.58935,1070.21838,-443.85074,-109.04803,1030.94836,-453.11642,17.19119,1041.01257,-495.13574,-122.16461,931.39777
666,5.542,-305.07886,-144.75414,1028.60291,-327.92328,55.58935,1070.21838,-444.05411,-109.06615,1030.84192,-453.20294,17.50622,1041.08728,-495.13574,-122.16461,931.39777
667,5.55,-305.07886,-144.75414,1028.60291,-327.46817,55.58104,1069.94495,-444.30179,-108.86577,1030.5885,-453.20294,17.50622,1041.08728,-495.13574,-122.16461,931.39777
668,5.558,-305.16779,-144.66559,1028.7511,-327.92328,55.58935,1070.21838,-444.30179,-108.86577,1030.5885,-453.20294,17.50622,1041.08728,-494.99417,-121.98948,931.26697
669,5.567,-305.07886,-144.75414,1028.60291,-327.92328,55.58935,1070.21838,-444.1008,-108.75421,1030.19006,-453.18207,17.32826,1040.80017,-495.27591,-122.05504,931.18933
670,5.575,-305.16779,-144.66559,1028.7511,-327.92328,55.58935,1070.21838,-444.30179,-108.86577,1030.5885,-453.11688,17.25657,1040.85718,-495.27591,-122.05504,931.18933
671,5.583,-305.13904,-144.4482,1028.64844,-327.92328,55.58935,1070.21838,-444.09863,-108.56329,1030.40747,-453.22018,17.17693,1041.11743,-495.27591,-122.05504,931.18933
672,5.592,-305.23221,-144.69836,1028.2334,-327.92328,55.58935,1070.21838,-444.30179,-108.86577,1030.5885,-453.22018,17.17693,1041.11743,-495.27591,-122.05504,931.18933
673,5.6,-305.2739,-144.47066,1028.46094,-327.92328,55.58935,1070.21838,-444.29379,-108.83318,1030.39954,-453.32236,17.45301,1041.03027,-495.27591,-122.05504,931.18933
674,5.608,-305.13904,-144.4482,1028.64844,-327.92328,55.58935,1070.21838,-444.30179,-108.86577,1030.5885,-453.29471,17.50299,1041.04822,-495.27591,-122.05504,931.18933
675,5.617,-305.12057,-144.52638,1028.83044,-327.92328,55.58935,1070.21838,-444.70609,-108.39447,1029.9541,-453.21405,17.47651,1041.07312,-495.27591,-122.05504,931.18933
676,5.625,-305.13904,-144.4482,1028.64844,-327.92328,55.58935,1070.21838,-444.65778,-108.48125,1030.15088,-453.32236,17.45301,1041.03027,-495.27591,-122.05504,931.18933
677,5.633,-305.13904,-144.4482,1028.64844,-328.57123,56.40968,1070.62695,-444.65778,-108.48125,1030.15088,-453.42081,17.59657,1040.96057,-495.27591,-122.05504,931.18933
678,5.642,-305.23267,-144.58585,1028.82312,-328.57123,56.40968,1070.62695,-444.45139,-108.70577,1030.62317,-453.21405,17.47651,1041.07312,-495.27591,-122.05504,931.18933
679,5.65,-305.33878,-144.39091,1028.53308,-329.08105,56.13463,1070.4231,-445.06879,-108.69867,1030.50696,-453.19171,17.46567,1040.90637,-495.35403,-121.89686,931.23749
680,5.658,-305.33878,-144.39091,1028.53308,-328.57123,56.40968,1070.62695,-444.70584,-108.23442,1030.39221,-453.86127,17.76763,1040.84363,-495.35403,-121.89686,931.23749
681,5.667,-305.33878,-144.39091,1028.53308,-328.59161,56.96247,1070.69409,-444.66898,-107.77699,1029.89832,-453.44315,17.6074,1041.1272,-495.42883,-121.69656,931.3537
682,5.675,-305.33878,-144.39091,1028.53308,-329.05612,57.19875,1070.21667,-444.46384,-108.52495,1030.64417,-453.40067,17.63749,1041.12097,-495.62665,-121.7017,931.47192
683,5.683,-305.20395,-144.36845,1028.72046,-328.52466,57.45497,1070.48962,-444.41043,-107.898,1030.35583,-453.3468,17.91786,1040.81812,-495.62665,-121.7017,931.47192
684,5.692,-305.20395,-144.36845,1028.72046,-328.94788,57.10378,1070.56238,-444.61362,-108.2006,1030.53687,-453.57281,18.06807,1040.85669,-495.42883,-121.69656,931.3537
685,5.7,-305.18549,-144.44662,1028.90259,-328.52466,57.45497,1070.48962,-444.61362,-108.2006,1030.53687,-453.5993,18.10946,1041.01465,-495.45874,-121.40977,931.35205
686,5.708,-305.20395,-144.36845,1028.72046,-328.52466,57.45497,1070.48962,-444.87717,-107.77837,1029.9541,-454.08871,18.49721,1040.89111,-495.45874,-121.40977,931.35205
687,5.717,-305.20395,-144.36845,1028.72046,-329.05612,57.19875,1070.21667,-444.74997,-107.48565,1029.83972,-453.57281,18.06807,1040.85669,-495.45874,-121.40977,931.35205
688,5.725,-305.33878,-144.39091,1028.53308,-328.52466,57.45497,1070.48962,-444.65237,-107.60754,1030.104,-453.40982,18.03051,1040.99414,-495.51636,-121.52451,931.67883
689,5.733,-305.33878,-144.39091,1028.53308,-328.52466,57.45497,1070.48962,-444.50266,-107.93188,1030.2113,-453.39783,18.04155,1040.85022,-495.45874,-121.40977,931.35205
690,5.742,-305.33878,-144.39091,1028.53308,-329.05612,57.19875,1070.21667,-444.62262,-107.19338,1029.72559,-453.45859,18.31437,1040.77661,-495.65656,-121.41492,931.47034
691,5.75,-305.33878,-144.39091,1028.53308,-329.05612,57.19875,1070.21667,-444.88068,-107.06166,1029.9071,-454.02939,18.47196,1040.57935,-495.45874,-121.40977,931.35205
692,5.758,-305.33878,-144.39091,1028.53308,-329.05612,57.19875,1070.21667,-444.88068,-107.06166,1029.9071,-454.02939,18.47196,1040.57935,-495.45874,-121.40977,931.35205
693,5.767,-305.33878,-144.39091,1028.53308,-329.05612,57.19875,1070.21667,-444.88068,-107.06166,1029.9071,-454.02939,18.47196,1040.57935,-495.45874,-121.40977,931.35205
694,5.775,-305.33878,-144.39091,1028.53308,-329.05612,57.19875,1070.21667,-444.65237,-107.60754,1030.104,-454.02939,18.47196,1040.57935,-495.45874,-121.40977,931.35205
695,5.783,-304.85016,-144.36093,1028.64563,-329.05612,57.19875,1070.21667,-444.29913,-107.62987,1030.03052,-453.98059,18.18802,1040.79688,-495.38394,-121.61006,931.2359
696,5.792,-305.33878,-144.39091,1028.53308,-329.05612,57.19875,1070.21667,-444.74997,-107.48565,1029.83972,-454.16031,18.49426,1040.66931,-495.24377,-121.71967,931.44434
697,5.8,-305.33878,-144.39091,1028.53308,-329.05612,57.19875,1070.21667,-444.62262,-107.19338,1029.72559,-454.16031,18.49426,1040.66931,-495.38394,-121.61006,931.2359
698,5.808,-305.33878,-144.39091,1028.53308,-329.05612,57.19875,1070.21667,-444.7533,-106.76934,1029.79297,-454.18683,18.53563,1040.82727,-495.45874,-121.40977,931.35205
699,5.817,-305.33878,-144.39091,1028.53308,-329.05612,57.19875,1070.21667,-444.88068,-107.06166,1029.9071,-454.05594,18.51334,1040.7373,-495.45874,-121.40977,931.35205
700,5.825,-305.20395,-144.36845,1028.72046,-329.05612,57.19875,1070.21667,-444.97617,-106.92596,1029.60474,-454.16031,18.49426,1040.66931,-495.45874,-121.40977,931.35205
701,5.833,-305.18549,-144.44662,1028.90259,-329.05612,57.19875,1070.21667,-444.74997,-107.48565,1029.83972,-454.18683,18.53563,1040.82727,-495.45874,-121.40977,931.35205
702,5.842,-305.18549,-144.44662,1028.90259,-329.05612,57.19875,1070.21667,-444.74997,-107.48565,1029.83972,-454.18683,18.53563,1040.82727,-495.31854,-121.51937,931.56055
703,5.85,-305.18549,-144.44662,1028.90259,-329.05612,57.19875,1070.21667,-444.849,-107.45726,1030.0791,-454.18683,18.53563,1040.82727,-495.45874,-121.40977,931.35205
704,5.858,-305.18549,-144.44662,1028.90259,-329.05612,57.19875,1070.21667,-444.74997,-107.48565,1029.83972,-454.18683,18.53563,1040.82727,-495.45874,-121.40977,931.35205
705,5.867,-305.18549,-144.44662,1028.90259,-329.05612,57.19875,1070.21667,-445.0831,-107.00883,1030.13867,-454.18683,18.53563,1040.82727,-495.31854,-121.51937,931.56055
706,5.875,-305.20395,-144.36845,1028.72046,-329.05612,57.19875,1070.21667,-444.95819,-107.22327,1029.52881,-454.18683,18.53563,1040.82727,-495.45874,-121.40977,931.35205
707,5.883,-305.18549,-144.44662,1028.90259,-329.05612,57.19875,1070.21667,-444.67255,-106.88884,1029.69312,-454.16031,18.49426,1040.66931,-495.45874,-121.40977,931.35205
708,5.892,-305.18549,-144.44662,1028.90259,-329.05612,57.19875,1070.21667,-444.77826,-106.61707,1029.77673,-454.18683,18.53563,1040.82727,-495.45874,-121.40977,931.35205
709,5.9,-305.18549,-144.44662,1028.90259,-329.05612,57.19875,1070.21667,-444.89099,-106.49035,1029.76807,-454.18683,18.53563,1040.82727,-495.45874,-121.40977,931.35205
710,5.908,-305.18549,-144.44662,1028.90259,-329.05612,57.19875,1070.21667,-444.91595,-106.33807,1029.75183,-454.05594,18.51334,1040.7373,-495.45874,-121.40977,931.35205
711,5.917,-304.9838,-144.16685,1028.52002,-329.05612,57.19875,1070.21667,-445.07227,-106.21954,1029.70581,-454.18683,18.53563,1040.82727,-495.45874,-121.40977,931.35205
712,5.925,-305.18549,-144.44662,1028.90259,-328.58701,57.20971,1069.8855,-444.78528,-106.76215,1029.68445,-454.16031,18.49426,1040.66931,-495.38394,-121.61006,931.2359
713,5.933,-304.96536,-144.24506,1028.70215,-328.58701,57.20971,1069.8855,-445.00815,-106.91871,1029.49634,-454.16031,18.49426,1040.66931,-495.38394,-121.61006,931.2359
714,5.942,-305.56403,-143.84868,1028.771,-328.58701,57.20971,1069.8855,-444.9306,-106.75715,1029.87463,-454.18683,18.53563,1040.82727,-495.45874,-121.40977,931.35205
715,5.95,-305.56403,-143.84868,1028.771,-329.05612,57.19875,1070.21667,-445.01144,-106.20219,1029.44934,-454.18683,18.53563,1040.82727,-495.45874,-121.40977,931.35205
716,5.958,-305.56403,-143.84868,1028.771,-329.05612,57.19875,1070.21667,-445.01144,-106.20219,1029.44934,-454.18683,18.53563,1040.82727,-495.45874,-121.40977,931.35205
717,5.967,-305.58249,-143.77048,1028.58887,-329.05612,57.19875,1070.21667,-445.28049,-105.95692,1029.39478,-454.15143,18.30521,1040.52612,-495.45874,-121.40977,931.35205
718,5.975,-305.56403,-143.84868,1028.771,-329.05612,57.19875,1070.21667,-445.40787,-106.2494,1029.50903,-454.16031,18.49426,1040.66931,-495.45874,-121.40977,931.35205
719,5.983,-305.56403,-143.84868,1028.771,-329.05612,57.19875,1070.21667,-445.18497,-106.09283,1029.69727,-454.15143,18.30521,1040.52612,-495.45874,-121.40977,931.35205
720,5.992,-305.56403,-143.84868,1028.771,-329.05612,57.19875,1070.21667,-445.40787,-106.2494,1029.50903,-454.18683,18.53563,1040.82727,-495.45874,-121.40977,931.35205
721,6,-305.75909,-143.72881,1028.77454,-329.05612,57.19875,1070.21667,-445.28049,-105.95692,1029.39478,-454.30518,18.49014,1040.87268,-495.45874,-121.40977,931.35205
722,6.008,-305.56403,-143.84868,1028.771,-329.05612,57.19875,1070.21667,-445.50473,-106.96749,1029.52576,-454.16031,18.49426,1040.66931,-495.45874,-121.40977,931.35205
723,6.017,-305.62543,-143.92285,1028.90015,-329.05612,57.19875,1070.21667,-445.27725,-106.67337,1029.44165,-454.16031,18.49426,1040.66931,-495.58176,-121.61523,931.35413
724,6.025,-305.56403,-143.84868,1028.771,-329.05612,57.19875,1070.21667,-445.5351,-106.54234,1029.62341,-454.26855,18.41791,1040.68567,-495.45874,-121.40977,931.35205
725,6.033,-305.75909,-143.72881,1028.77454,-329.05612,57.19875,1070.21667,-445.40787,-106.2494,1029.50903,-454.30518,18.49014,1040.87268,-495.65656,-121.41492,931.47034
726,6.042,-305.75909,-143.72881,1028.77454,-329.05612,57.19875,1070.21667,-445.00494,-106.72832,1029.72644,-454.30518,18.49014,1040.87268,-495.45874,-121.40977,931.35205
727,6.05,-305.77759,-143.65059,1028.59241,-329.05612,57.19875,1070.21667,-445.40787,-106.2494,1029.50903,-454.26855,18.41791,1040.68567,-495.45874,-121.40977,931.35205
728,6.058,-305.77759,-143.65059,1028.59241,-329.05612,57.19875,1070.21667,-445.27725,-106.67337,1029.44165,-454.26855,18.41791,1040.68567,-495.58176,-121.61523,931.35413
729,6.067,-305.33762,-144.17439,1028.59497,-329.05612,57.19875,1070.21667,-445.27725,-106.67337,1029.44165,-454.54172,18.01801,1040.71936,-495.38394,-121.61006,931.2359
730,6.075,-305.77759,-143.65059,1028.59241,-329.05612,57.19875,1070.21667,-445.40787,-106.2494,1029.50903,-454.54172,18.01801,1040.71936,-495.42883,-121.69656,931.3537
731,6.083,-305.75909,-143.72881,1028.77454,-329.05612,57.19875,1070.21667,-445.5351,-106.54234,1029.62341,-454.26855,18.41791,1040.68567,-495.45874,-121.40977,931.35205
732,6.092,-305.58249,-143.77048,1028.58887,-329.05612,57.19875,1070.21667,-445.51013,-106.69457,1029.63965,-454.26855,18.41791,1040.68567,-495.61731,-121.23264,931.01624
733,6.1,-305.91245,-143.67303,1028.40491,-329.4577,56.82867,1070.35864,-445.5351,-106.54234,1029.62341,-454.26855,18.41791,1040.68567,-495.48419,-121.46474,931.23401
734,6.108,-305.71735,-143.79292,1028.40137,-329.4577,56.82867,1070.35864,-445.5351,-106.54234,1029.62341,-454.26855,18.41791,1040.68567,-495.35403,-121.89686,931.23749
735,6.117,-305.91245,-143.67303,1028.40491,-329.4577,56.82867,1070.35864,-445.51013,-106.69457,1029.63965,-454.26855,18.41791,1040.68567,-495.55185,-121.902,931.35577
736,6.125,-305.91245,-143.67303,1028.40491,-329.4577,56.82867,1070.35864,-445.80124,-107.73992,1029.50769,-454.69641,17.70851,1040.59851,-495.89078,-122.10143,931.05579
737,6.133,-305.91245,-143.67303,1028.40491,-329.4577,56.82867,1070.35864,-445.80365,-107.6233,1029.34607,-454.67487,18.11946,1040.32068,-495.78427,-122.1486,931.12415
738,6.142,-305.91245,-143.67303,1028.40491,-329.4577,56.82867,1070.35864,-445.83459,-107.19306,1029.82947,-454.67487,18.11946,1040.32068,-495.75958,-121.89668,930.68848
739,6.15,-305.91245,-143.67303,1028.40491,-330.11441,56.32135,1070.39893,-445.53635,-106.76497,1029.89417,-454.26855,18.41791,1040.68567,-495.78326,-121.51176,930.75323
740,6.158,-305.77759,-143.65059,1028.59241,-330.11441,56.32135,1070.39893,-445.62704,-106.71479,1029.7439,-454.26855,18.41791,1040.68567,-495.79938,-121.60034,931.00018
741,6.167,-305.53265,-144.05453,1028.59851,-330.11441,56.32135,1070.39893,-445.55936,-106.84795,1029.83862,-454.26855,18.41791,1040.68567,-496.10568,-121.79424,930.90552
742,6.175,-305.91245,-143.67303,1028.40491,-330.11441,56.32135,1070.39893,-446.18436,-107.34187,1029.61023,-454.67487,18.11946,1040.32068,-495.97546,-122.22624,930.90906
743,6.183,-305.77759,-143.65059,1028.59241,-330.11441,56.32135,1070.39893,-445.89819,-107.94434,1029.61353,-454.82953,17.80998,1040.19995,-496.35419,-122.34925,931.18713
744,6.192,-305.89203,-143.96216,1028.37402,-330.11441,56.32135,1070.39893,-445.85046,-107.89346,1029.70667,-454.69641,17.70851,1040.59851,-496.22433,-122.58142,930.96362
745,6.2,-305.66751,-144.077,1028.41101,-330.11441,56.32135,1070.39893,-445.97559,-107.64786,1029.49292,-454.7128,17.55552,1040.47644,-496.35419,-122.34925,931.18713
746,6.208,-305.91245,-143.67303,1028.40491,-330.11441,56.32135,1070.39893,-446.18561,-107.5646,1029.88098,-454.54172,18.01801,1040.71936,-496.05029,-122.02602,931.02521
747,6.217,-306.13702,-143.55815,1028.36792,-330.11441,56.32135,1070.39893,-446.33682,-106.92292,1029.70691,-454.40085,18.20754,1040.25623,-496.2356,-121.562,931.12903
748,6.225,-305.89203,-143.96216,1028.37402,-330.11441,56.32135,1070.39893,-446.34494,-106.90227,1029.5802,-454.26855,18.41791,1040.68567,-496.2356,-121.562,931.12903
749,6.233,-306.11395,-143.99866,1028.71448,-330.11441,56.32135,1070.39893,-446.12326,-106.68916,1029.68311,-454.54172,18.01801,1040.71936,-496.2356,-121.562,931.12903
750,6.242,-306.39014,-143.51184,1028.49536,-330.11441,56.32135,1070.39893,-446.59021,-107.30693,1029.93481,-454.69641,17.70851,1040.59851,-496.48438,-121.91716,931.18359
751,6.25,-306.25525,-143.4894,1028.68286,-330.11441,56.32135,1070.39893,-446.47433,-107.06065,1029.73474,-454.69641,17.70851,1040.59851,-496.65506,-122.50731,931.21985
752,6.258,-306.35898,-143.59464,1028.70837,-330.11441,56.32135,1070.39893,-446.82092,-106.96891,1029.6825,-454.82953,17.80998,1040.19995,-496.6618,-121.87688,931.46277
753,6.267,-306.39014,-143.51184,1028.49536,-330.11441,56.32135,1070.39893,-446.9567,-107.03119,1029.8811,-454.84592,17.65704,1040.07788,-496.45895,-121.86221,931.30164
754,6.275,-306.39014,-143.51184,1028.49536,-330.11441,56.32135,1070.39893,-446.47433,-107.06065,1029.73474,-454.54172,18.01801,1040.71936,-496.26553,-121.27525,931.12744
755,6.283,-306.39014,-143.51184,1028.49536,-330.11441,56.32135,1070.39893,-446.28009,-106.73343,1029.88342,-454.55811,17.86502,1040.59729,-496.26553,-121.27525,931.12744
756,6.292,-306.4606,-143.77505,1028.88184,-330.11441,56.32135,1070.39893,-446.9567,-107.03119,1029.8811,-454.78107,18.39086,1040.26367,-496.59055,-121.34041,931.08801
757,6.3,-306.23676,-143.56763,1028.86499,-330.11441,56.32135,1070.39893,-447.2182,-107.10564,1030.21497,-455.04236,17.76979,1040.12451,-496.93188,-121.20119,931.23407
758,6.308,-306.4606,-143.77505,1028.88184,-330.11441,56.32135,1070.39893,-446.82092,-106.96891,1029.6825,-454.7128,17.55552,1040.47644,-497.08167,-121.84943,931.24463
759,6.317,-306.4606,-143.77505,1028.88184,-330.11441,56.32135,1070.39893,-446.82092,-106.96891,1029.6825,-454.7128,17.55552,1040.47644,-496.80026,-121.72298,931.44769
760,6.325,-306.4606,-143.77505,1028.88184,-330.11441,56.32135,1070.39893,-446.9567,-107.03119,1029.8811,-454.75455,17.97774,1040.6438,-496.59741,-121.70833,931.28656
761,6.333,-306.4606,-143.77505,1028.88184,-330.11441,56.32135,1070.39893,-446.82092,-106.96891,1029.6825,-454.8887,18.39099,1040.276,-496.6528,-121.47648,931.16687
762,6.342,-306.4606,-143.77505,1028.88184,-330.11441,56.32135,1070.39893,-447.08246,-107.04341,1030.01636,-454.97845,18.81531,1040.34094,-496.85568,-121.49117,931.32806
763,6.35,-306.4606,-143.77505,1028.88184,-330.11441,56.32135,1070.39893,-447.08246,-107.04341,1030.01636,-455.13312,18.5059,1040.22021,-496.93188,-121.20119,931.23407
764,6.358,-306.23676,-143.56763,1028.86499,-330.11441,56.32135,1070.39893,-447.2182,-107.10564,1030.21497,-454.96204,18.9683,1040.46313,-496.93188,-121.20119,931.23407
765,6.367,-306.4606,-143.77505,1028.88184,-330.11441,56.32135,1070.39893,-446.86661,-107.06342,1029.95288,-455.12042,18.42407,1040.34473,-496.85568,-121.49117,931.32806
766,6.375,-306.59506,-143.65991,1028.9425,-330.11441,56.32135,1070.39893,-446.86661,-107.06342,1029.95288,-454.91025,17.98001,1040.55383,-496.85568,-121.49117,931.32806
767,6.383,-306.59506,-143.65991,1028.9425,-330.11441,56.32135,1070.39893,-446.86661,-107.06342,1029.95288,-454.8887,18.39099,1040.276,-496.80026,-121.72298,931.44769
768,6.392,-306.59506,-143.65991,1028.9425,-330.11441,56.32135,1070.39893,-447.03751,-107.01597,1030.10046,-454.79211,18.36164,1040.86169,-496.80026,-121.72298,931.44769
769,6.4,-306.59506,-143.65991,1028.9425,-330.79605,56.43855,1070.53943,-447.2182,-107.10564,1030.21497,-454.75552,18.28945,1040.67468,-496.85568,-121.49117,931.32806
770,6.408,-306.59506,-143.65991,1028.9425,-330.79605,56.43855,1070.53943,-447.03751,-107.01597,1030.10046,-454.87231,18.54394,1040.39807,-496.85568,-121.49117,931.32806
771,6.417,-306.59506,-143.65991,1028.9425,-330.11441,56.32135,1070.39893,-447.03751,-107.01597,1030.10046,-455.09378,19.01227,1040.39734,-496.85568,-121.49117,931.32806
772,6.425,-306.59506,-143.65991,1028.9425,-330.79605,56.43855,1070.53943,-447.03751,-107.01597,1030.10046,-455.31671,18.899,1040.52661,-496.93188,-121.20119,931.23407
773,6.433,-306.37122,-143.45245,1028.92566,-330.11441,56.32135,1070.39893,-447.17328,-107.07821,1030.29895,-455.27838,19.04466,1040.65967,-496.85568,-121.49117,931.32806
774,6.442,-306.37122,-143.45245,1028.92566,-330.79605,56.43855,1070.53943,-447.08246,-107.04341,1030.01636,-454.86908,18.7042,1041.05115,-496.80026,-121.72298,931.44769
775,6.45,-306.59506,-143.65991,1028.9425,-330.11441,56.32135,1070.39893,-446.84344,-106.68881,1030.24927,-455.00406,18.5879,1040.33228,-496.80026,-121.72298,931.44769
776,6.458,-306.59506,-143.65991,1028.9425,-330.79605,56.43855,1070.53943,-446.84344,-106.68881,1030.24927,-454.96573,18.73349,1040.46545,-496.85568,-121.49117,931.32806
777,6.467,-306.59506,-143.65991,1028.9425,-330.79605,56.43855,1070.53943,-447.03751,-107.01597,1030.10046,-455.16205,19.20838,1040.64734,-496.80026,-121.72298,931.44769
778,6.475,-306.59506,-143.65991,1028.9425,-330.79605,56.43855,1070.53943,-447.08246,-107.04341,1030.01636,-455.31671,18.899,1040.52661,-497.15787,-121.55943,931.1507
779,6.483,-306.59506,-143.65991,1028.9425,-330.79605,56.43855,1070.53943,-447.23273,-106.7101,1030.08533,-455.24844,18.70288,1040.27661,-497.88196,-121.3483,931.02045
780,6.492,-306.4606,-143.77505,1028.88184,-330.79605,56.43855,1070.53943,-447.03751,-107.01597,1030.10046,-455.05545,19.1579,1040.5304,-496.93188,-121.20119,931.23407
781,6.5,-306.59506,-143.65991,1028.9425,-330.79605,56.43855,1070.53943,-447.14322,-106.89782,1030.07361,-454.82071,19.41213,1040.36353,-496.93188,-121.20119,931.23407
782,6.508,-306.59506,-143.65991,1028.9425,-330.79605,56.43855,1070.53943,-446.90421,-106.54322,1030.3064,-454.78238,19.55776,1040.4967,-496.85568,-121.49117,931.32806
783,6.517,-306.59506,-143.65991,1028.9425,-330.79605,56.43855,1070.53943,-447.0983,-106.87038,1030.15759,-455.16205,19.20838,1040.64734,-496.85568,-121.49117,931.32806
784,6.525,-306.59506,-143.65991,1028.9425,-330.79605,56.43855,1070.53943,-447.23273,-106.7101,1030.08533,-455.27838,19.04466,1040.65967,-497.08167,-121.84943,931.24463
785,6.533,-306.59506,-143.65991,1028.9425,-330.79605,56.43855,1070.53943,-447.3638,-107.07911,1029.93506,-455.21011,18.8485,1040.40967,-497.88196,-121.3483,931.02045
786,6.542,-306.59506,-143.65991,1028.9425,-330.79605,56.43855,1070.53943,-447.0983,-106.87038,1030.15759,-455.21011,18.8485,1040.40967,-497.72897,-121.68295,931.18768
787,6.55,-306.59506,-143.65991,1028.9425,-330.79605,56.43855,1070.53943,-447.31509,-106.70896,1029.67444,-455.31671,18.899,1040.52661,-497.11047,-121.33244,931.18127
788,6.558,-306.77386,-143.85378,1029.00342,-330.79605,56.43855,1070.53943,-447.08246,-107.04341,1030.01636,-455.09378,19.01227,1040.39734,-497.79315,-121.1303,931.05011
789,6.567,-306.59506,-143.65991,1028.9425,-330.79605,56.43855,1070.53943,-447.25754,-106.76771,1029.97607,-454.82071,19.41213,1040.36353,-497.79315,-121.1303,931.05011
790,6.575,-306.59506,-143.65991,1028.9425,-330.79605,56.43855,1070.53943,-447.43692,-106.63485,1029.8197,-455.12369,19.35404,1040.7804,-497.79315,-121.1303,931.05011
791,6.583,-306.59506,-143.65991,1028.9425,-330.79605,56.43855,1070.53943,-447.43692,-106.63485,1029.8197,-455.05545,19.1579,1040.5304,-497.79315,-121.1303,931.05011
792,6.592,-306.59506,-143.65991,1028.9425,-330.79605,56.43855,1070.53943,-447.39978,-106.87589,1030.10156,-455.82178,18.58614,1040.55396,-497.26025,-121.98075,931.19183
793,6.6,-306.59506,-143.65991,1028.9425,-330.79605,56.43855,1070.53943,-447.57166,-106.68703,1029.70239,-455.58691,17.56988,1040.12463,-497.54669,-121.82647,930.95135
794,6.608,-306.59506,-143.65991,1028.9425,-330.79605,56.43855,1070.53943,-447.55902,-106.7732,1029.91992,-455.67661,17.99429,1040.1897,-497.98184,-121.38766,930.6745
795,6.617,-306.59506,-143.65991,1028.9425,-330.79605,56.43855,1070.53943,-447.27017,-106.68155,1029.75842,-455.44067,18.81956,1040.21875,-497.88138,-121.54279,931.02942
796,6.625,-306.59506,-143.65991,1028.9425,-330.79605,56.43855,1070.53943,-447.43692,-106.63485,1029.8197,-455.27838,19.04466,1040.65967,-497.79315,-121.1303,931.05011
797,6.633,-306.59506,-143.65991,1028.9425,-330.79605,56.43855,1070.53943,-447.27768,-106.73755,1030.00134,-455.01303,19.52879,1040.30566,-497.79315,-121.1303,931.05011
798,6.642,-306.77386,-143.85378,1029.00342,-330.79605,56.43855,1070.53943,-447.27768,-106.73755,1030.00134,-455.13312,18.5059,1040.22021,-497.64017,-121.46493,931.21741
799,6.65,-306.59506,-143.65991,1028.9425,-330.79605,56.43855,1070.53943,-447.27768,-106.73755,1030.00134,-455.15872,18.27849,1040.21155,-498.07355,-121.77042,931.11713
800,6.658,-306.60754,-143.57719,1029.30017,-330.79605,56.43855,1070.53943,-447.37964,-106.90608,1030.07629,-455.77905,17.68657,1040.06677,-498.07355,-121.77042,931.11713
801,6.667,-306.60754,-143.57719,1029.30017,-330.79605,56.43855,1070.53943,-447.37964,-106.90608,1030.07629,-455.58691,17.56988,1040.12463,-497.74973,-122.06465,931.24292
802,6.675,-306.59506,-143.65991,1028.9425,-330.79605,56.43855,1070.53943,-447.55902,-106.7732,1029.91992,-455.31671,18.899,1040.52661,-498.07355,-121.77042,931.11713
803,6.683,-306.65271,-143.96503,1029.48657,-330.79605,56.43855,1070.53943,-447.23401,-106.93262,1030.3562,-455.44067,18.81956,1040.21875,-497.79315,-121.1303,931.05011
804,6.692,-306.65271,-143.96503,1029.48657,-330.79605,56.43855,1070.53943,-447.0983,-106.87038,1030.15759,-455.13312,18.5059,1040.22021,-497.79315,-121.1303,931.05011
805,6.7,-306.65271,-143.96503,1029.48657,-330.79605,56.43855,1070.53943,-447.0983,-106.87038,1030.15759,-455.44067,18.81956,1040.21875,-497.03427,-121.62241,931.27527
806,6.708,-306.65271,-143.96503,1029.48657,-330.79605,56.43855,1070.53943,-447.14322,-106.89782,1030.07361,-455.44067,18.81956,1040.21875,-497.64017,-121.46493,931.21741
807,6.717,-306.39517,-144.4518,1029.13501,-330.79605,56.43855,1070.53943,-447.35614,-107.07104,1030.4563,-455.4718,17.96133,1040.02979,-497.60684,-122.22251,931.57886
808,6.725,-306.65271,-143.96503,1029.48657,-330.79605,56.43855,1070.53943,-447.26535,-107.03619,1030.17383,-456.30573,18.1346,1040.08789,-497.74973,-122.06465,931.24292
809,6.733,-306.85471,-144.49913,1029.49609,-330.79605,56.43855,1070.53943,-447.42456,-106.93351,1029.99219,-455.9006,17.52415,1039.87488,-497.80627,-122.5321,931.2981
810,6.742,-306.85471,-144.49913,1029.49609,-330.79605,56.43855,1070.53943,-447.40106,-107.09848,1030.37231,-455.77905,17.68657,1040.06677,-497.26154,-122.68004,931.36658
811,6.75,-306.85471,-144.49913,1029.49609,-330.79605,56.43855,1070.53943,-447.14322,-106.89782,1030.07361,-455.30099,18.38548,1040.00708,-498.23807,-121.95005,931.21454
812,6.758,-306.85471,-144.49913,1029.49609,-330.79605,56.43855,1070.53943,-447.27768,-106.73755,1030.00134,-455.30099,18.38548,1040.00708,-498.17578,-122.25253,931.23877
813,6.767,-307.01364,-144.68037,1029.57324,-330.79605,56.43855,1070.53943,-447.55902,-106.7732,1029.91992,-456.06055,18.24734,1039.89233,-498.00244,-122.36696,931.44067
814,6.775,-307.10068,-144.98366,1029.49585,-330.79605,56.43855,1070.53943,-447.63358,-106.90695,1029.97095,-455.73972,17.28614,1039.84509,-497.86169,-122.30026,931.17847
815,6.783,-307.2739,-144.85399,1029.26917,-330.79605,56.43855,1070.53943,-447.49826,-106.91879,1029.86279,-455.52951,17.45133,1039.92664,-497.86169,-122.30026,931.17847
816,6.792,-307.2739,-144.85399,1029.26917,-330.79605,56.43855,1070.53943,-447.49826,-106.91879,1029.86279,-455.36865,17.2134,1039.89685,-498.06363,-122.52816,931.44153
817,6.8,-307.62137,-144.8978,1029.29065,-330.79605,56.43855,1070.53943,-447.55902,-106.7732,1029.91992,-455.62207,17.51403,1039.78564,-497.80627,-122.5321,931.2981
818,6.808,-307.36105,-144.72421,1029.59473,-330.79605,56.43855,1070.53943,-447.49826,-106.91879,1029.86279,-456.36429,17.60093,1039.66565,-498.52112,-122.24763,931.43152
819,6.817,-307.58258,-144.91238,1029.578,-330.79605,56.43855,1070.53943,-447.55902,-106.7732,1029.91992,-456.4606,17.97265,1039.69678,-498.17578,-122.25253,931.23877
820,6.825,-307.58258,-144.91238,1029.578,-330.79605,56.43855,1070.53943,-447.55902,-106.7732,1029.91992,-456.06412,17.88846,1039.76904,-497.93796,-122.01025,931.08459
821,6.833,-307.58258,-144.91238,1029.578,-330.79605,56.43855,1070.53943,-447.55902,-106.7732,1029.91992,-456.08096,18.15705,1039.77893,-497.86169,-122.30026,931.17847
822,6.842,-308.06046,-145.11314,1029.76575,-331.38089,56.47918,1070.81421,-447.55902,-106.7732,1029.91992,-456.47751,18.24123,1039.70667,-498.29507,-122.32533,931.50415
823,6.85,-307.7435,-145.11324,1029.68872,-330.79605,56.43855,1070.53943,-447.55902,-106.7732,1029.91992,-456.30469,17.74921,1040.12427,-498.46564,-122.47944,931.55103
824,6.858,-307.7435,-145.11324,1029.68872,-331.38089,56.47918,1070.81421,-447.55902,-106.7732,1029.91992,-456.18738,17.81934,1039.91443,-498.46564,-122.47944,931.55103
825,6.867,-308.12222,-145.25842,1029.7019,-330.79605,56.43855,1070.53943,-447.55902,-106.7732,1029.91992,-456.21213,17.68652,1040.26526,-497.94699,-122.59874,931.56024
826,6.875,-308.06046,-145.11314,1029.76575,-330.79605,56.43855,1070.53943,-447.55902,-106.7732,1029.91992,-455.63895,17.78263,1039.79553,-497.66342,-122.6899,931.63391
827,6.883,-308.12222,-145.25842,1029.7019,-331.38089,56.47918,1070.81421,-447.55902,-106.7732,1029.91992,-455.97968,18.16963,1039.87683,-498.00244,-122.36696,931.44067
828,6.892,-308.12222,-145.25842,1029.7019,-330.79605,56.43855,1070.53943,-447.55902,-106.7732,1029.91992,-456.26678,17.92251,1039.93567,-498.37137,-122.03537,931.41028
829,6.9,-307.92603,-145.22821,1029.7052,-330.79605,56.43855,1070.53943,-447.55902,-106.7732,1029.91992,-456.29156,17.78969,1040.2865,-498.52112,-122.24763,931.43152
830,6.908,-308.00586,-145.47537,1029.80591,-330.79605,56.43855,1070.53943,-447.55902,-106.7732,1029.91992,-455.6749,17.26123,1040.46851,-498.46564,-122.47944,931.55103
831,6.917,-308.00586,-145.47537,1029.80591,-330.79605,56.43855,1070.53943,-447.55902,-106.7732,1029.91992,-455.52951,17.45133,1039.92664,-498.23959,-122.55711,931.62372
832,6.925,-308.00586,-145.47537,1029.80591,-330.79605,56.43855,1070.53943,-447.55902,-106.7732,1029.91992,-455.77396,17.46663,1039.97693,-498.23959,-122.55711,931.62372
833,6.933,-308.00586,-145.47537,1029.80591,-330.79605,56.43855,1070.53943,-447.55902,-106.7732,1029.91992,-456.17044,17.55076,1039.90466,-498.46564,-122.47944,931.55103
834,6.942,-307.6889,-145.47546,1029.72888,-330.77591,55.88599,1070.47229,-447.55902,-106.7732,1029.91992,-456.13071,17.55161,1040.25671,-498.46564,-122.47944,931.55103
835,6.95,-307.6889,-145.47546,1029.72888,-330.77591,55.88599,1070.47229,-447.55902,-106.7732,1029.91992,-455.77121,17.6329,1040.49976,-498.46564,-122.47944,931.55103
836,6.958,-307.6889,-145.47546,1029.72888,-330.77591,55.88599,1070.47229,-447.55902,-106.7732,1029.91992,-455.64499,17.27304,1040.43445,-498.23959,-122.55711,931.62372
837,6.967,-307.6889,-145.47546,1029.72888,-330.77591,55.88599,1070.47229,-447.39978,-106.87589,1030.10156,-455.64499,17.27304,1040.43445,-497.94699,-122.59874,931.56024
838,6.975,-307.46445,-145.59021,1029.76575,-330.79605,56.43855,1070.53943,-447.55902,-106.7732,1029.91992,-455.76492,17.05346,1040.10425,-498.46564,-122.47944,931.55103
839,6.983,-307.6889,-145.47546,1029.72888,-330.77591,55.88599,1070.47229,-447.55902,-106.7732,1029.91992,-455.6069,17.64972,1040.12683,-498.46564,-122.47944,931.55103
840,6.992,-307.11697,-145.54642,1029.74426,-330.60507,56.244,1070.78894,-447.2204,-107.00874,1030.25781,-455.2576,17.62388,1040.74475,-498.46564,-122.47944,931.55103
841,7,-307.05524,-145.40115,1029.80811,-330.11441,56.32135,1070.39893,-447.35486,-106.84845,1030.18555,-454.90924,17.66826,1040.52307,-498.23959,-122.55711,931.62372
842,7.008,-307.11697,-145.54642,1029.74426,-330.11441,56.32135,1070.39893,-447.50452,-106.64805,1030.09167,-455.47058,17.06112,1040.0376,-497.94699,-122.59874,931.56024
843,7.017,-307.05524,-145.40115,1029.80811,-330.11441,56.32135,1070.39893,-447.5141,-106.74577,1030.00391,-455.33752,16.95957,1040.43591,-497.94699,-122.59874,931.56024
844,7.025,-307.05524,-145.40115,1029.80811,-329.9119,56.64703,1070.75732,-447.34525,-106.75071,1030.27332,-455.04236,17.76979,1040.12451,-497.94699,-122.59874,931.56024
845,7.033,-307.05524,-145.40115,1029.80811,-329.9119,56.64703,1070.75732,-447.34525,-106.75071,1030.27332,-454.75455,17.97774,1040.6438,-498.23959,-122.55711,931.62372
846,7.042,-306.7919,-145.22034,1029.69727,-330.11441,56.32135,1070.39893,-447.34525,-106.75071,1030.27332,-454.75455,17.97774,1040.6438,-497.94699,-122.59874,931.56024
847,7.05,-306.81003,-145.32222,1029.86169,-329.9119,56.64703,1070.75732,-447.16513,-106.98856,1030.41174,-454.54172,18.01801,1040.71936,-497.94699,-122.59874,931.56024
848,7.058,-307.03711,-145.29927,1029.64355,-329.9119,56.64703,1070.75732,-447.16513,-106.98856,1030.41174,-454.55811,17.86502,1040.59729,-497.66342,-122.6899,931.63391
849,7.067,-306.55688,-145.36848,1029.73425,-329.9119,56.64703,1070.75732,-447.16513,-106.98856,1030.41174,-454.54172,18.01801,1040.71936,-497.66342,-122.6899,931.63391
850,7.075,-306.55688,-145.36848,1029.73425,-329.9119,56.64703,1070.75732,-447.16513,-106.98856,1030.41174,-454.86618,17.88213,1040.38696,-497.94699,-122.59874,931.56024
851,7.083,-306.55688,-145.36848,1029.73425,-329.9119,56.64703,1070.75732,-447.16513,-106.98856,1030.41174,-454.54172,18.01801,1040.71936,-497.94699,-122.59874,931.56024
852,7.092,-306.55688,-145.36848,1029.73425,-329.9119,56.64703,1070.75732,-447.16513,-106.98856,1030.41174,-454.67487,18.11946,1040.32068,-497.66342,-122.6899,931.63391
853,7.1,-306.53876,-145.2666,1029.5697,-329.9119,56.64703,1070.75732,-447.043,-106.85019,1030.31152,-454.26855,18.41791,1040.68567,-497.66342,-122.6899,931.63391
854,7.108,-306.15643,-144.87753,1029.47571,-329.9119,56.64703,1070.75732,-446.84891,-106.52303,1030.46045,-454.28497,18.26491,1040.5636,-497.43756,-122.33152,931.71741
855,7.117,-306.15643,-144.87753,1029.47571,-329.9119,56.64703,1070.75732,-446.84891,-106.52303,1030.46045,-454.26855,18.41791,1040.68567,-497.66342,-122.6899,931.63391
856,7.125,-306.15643,-144.87753,1029.47571,-329.9119,56.64703,1070.75732,-447.16513,-106.98856,1030.41174,-454.54172,18.01801,1040.71936,-497.66342,-122.6899,931.63391
857,7.133,-306.15643,-144.87753,1029.47571,-329.9119,56.64703,1070.75732,-447.16513,-106.98856,1030.41174,-454.82953,17.80998,1040.19995,-497.66342,-122.6899,931.63391
858,7.142,-306.15643,-144.87753,1029.47571,-329.9119,56.64703,1070.75732,-447.16513,-106.98856,1030.41174,-454.82953,17.80998,1040.19995,-497.53784,-122.62115,931.68689
859,7.15,-306.15643,-144.87753,1029.47571,-329.9119,56.64703,1070.75732,-447.16513,-106.98856,1030.41174,-454.54172,18.01801,1040.71936,-497.66342,-122.6899,931.63391
860,7.158,-305.80902,-145.04428,1029.64893,-329.9119,56.64703,1070.75732,-446.84891,-106.52303,1030.46045,-454.26855,18.41791,1040.68567,-497.20264,-122.36005,931.65295
861,7.167,-305.65009,-144.86307,1029.5719,-329.9119,56.64703,1070.75732,-446.84891,-106.52303,1030.46045,-454.26855,18.41791,1040.68567,-497.31198,-122.26282,931.77039
862,7.175,-305.84515,-144.74326,1029.57544,-329.2551,57.15432,1070.71704,-446.84891,-106.52303,1030.46045,-454.26855,18.41791,1040.68567,-497.31198,-122.26282,931.77039
863,7.183,-305.84515,-144.74326,1029.57544,-329.2551,57.15432,1070.71704,-446.68961,-106.62584,1030.64197,-454.26855,18.41791,1040.68567,-497.30295,-122.6497,931.62238
864,7.192,-305.65009,-144.86307,1029.5719,-329.2551,57.15432,1070.71704,-446.08221,-106.84386,1030.49487,-454.54172,18.01801,1040.71936,-497.02438,-122.91325,931.84583
865,7.2,-305.65009,-144.86307,1029.5719,-329.2551,57.15432,1070.71704,-446.439,-107.15852,1030.70251,-454.54172,18.01801,1040.71936,-496.90448,-122.86389,932.19366
866,7.208,-305.24744,-144.46194,1029.49414,-329.2551,57.15432,1070.71704,-446.5795,-106.7317,1030.46985,-454.57831,18.09023,1040.90637,-497.16473,-122.94204,932.01263
867,7.217,-305.24744,-144.46194,1029.49414,-329.2551,57.15432,1070.71704,-446.48566,-106.70537,1030.73901,-454.26855,18.41791,1040.68567,-496.69193,-122.60199,931.99768
868,7.225,-305.24744,-144.46194,1029.49414,-329.2551,57.15432,1070.71704,-445.94855,-106.96015,1030.72473,-454.26855,18.41791,1040.68567,-496.55228,-122.3589,931.94403
869,7.233,-305.24744,-144.46194,1029.49414,-329.2551,57.15432,1070.71704,-445.69617,-106.81823,1030.65698,-454.30518,18.49014,1040.87268,-496.34674,-122.32917,931.74176
870,7.242,-305.24744,-144.46194,1029.49414,-328.74521,57.4294,1070.92078,-445.72113,-106.66604,1030.64075,-454.30518,18.49014,1040.87268,-496.371,-122.46269,932.112
871,7.25,-305.24744,-144.46194,1029.49414,-329.2551,57.15432,1070.71704,-445.92355,-107.11235,1030.74097,-454.30518,18.49014,1040.87268,-496.72641,-122.59642,932.20459
872,7.258,-305.24744,-144.46194,1029.49414,-329.2551,57.15432,1070.71704,-445.89862,-107.26456,1030.75708,-454.54172,18.01801,1040.71936,-496.49933,-122.3782,932.12714
873,7.267,-305.24744,-144.46194,1029.49414,-329.2551,57.15432,1070.71704,-445.92355,-107.11235,1030.74097,-454.54172,18.01801,1040.71936,-496.76486,-122.62072,932.14008
874,7.275,-305.24744,-144.46194,1029.49414,-329.2551,57.15432,1070.71704,-445.92355,-107.11235,1030.74097,-454.26855,18.41791,1040.68567,-496.38123,-122.32361,931.94873
875,7.283,-305.24744,-144.46194,1029.49414,-329.2551,57.15432,1070.71704,-445.6712,-106.97043,1030.6731,-454.30518,18.49014,1040.87268,-496.30789,-122.69086,932.00446
876,7.292,-305.24744,-144.46194,1029.49414,-329.2551,57.15432,1070.71704,-445.6712,-106.97043,1030.6731,-454.30518,18.49014,1040.87268,-496.371,-122.46269,932.112
877,7.3,-305.39981,-144.41496,1029.31738,-329.2551,57.15432,1070.71704,-445.92355,-107.11235,1030.74097,-454.26855,18.41791,1040.68567,-496.371,-122.46269,932.112
878,7.308,-305.24744,-144.46194,1029.49414,-329.2551,57.15432,1070.71704,-445.94855,-106.96015,1030.72473,-454.26855,18.41791,1040.68567,-496.51071,-122.70578,932.16553
879,7.317,-305.1879,-144.33812,1029.37598,-328.74521,57.4294,1070.92078,-445.92355,-107.11235,1030.74097,-454.26855,18.41791,1040.68567,-496.371,-122.46269,932.112
880,7.325,-305.39981,-144.41496,1029.31738,-329.2551,57.15432,1070.71704,-445.94855,-106.96015,1030.72473,-454.26855,18.41791,1040.68567,-496.48645,-122.5723,931.79541
881,7.333,-305.1879,-144.33812,1029.37598,-328.74521,57.4294,1070.92078,-445.94855,-106.96015,1030.72473,-454.26855,18.41791,1040.68567,-496.55228,-122.3589,931.94403
882,7.342,-305.39981,-144.41496,1029.31738,-328.74521,57.4294,1070.92078,-445.94855,-106.96015,1030.72473,-454.26855,18.41791,1040.68567,-496.55228,-122.3589,931.94403
883,7.35,-305.1879,-144.33812,1029.37598,-328.74521,57.4294,1070.92078,-445.62582,-106.80275,1030.94312,-454.18683,18.53563,1040.82727,-496.371,-122.46269,932.112
884,7.358,-305.03552,-144.3851,1029.55273,-328.32193,57.78057,1070.84802,-445.53818,-106.44403,1030.96411,-454.26855,18.41791,1040.68567,-496.22745,-122.18946,932.32983
885,7.367,-305.1879,-144.33812,1029.37598,-328.32193,57.78057,1070.84802,-445.72113,-106.66604,1030.64075,-454.16031,18.49426,1040.66931,-496.40549,-122.4571,932.31891
886,7.375,-305.03552,-144.3851,1029.55273,-328.32193,57.78057,1070.84802,-445.87271,-106.438,1030.87085,-454.18683,18.53563,1040.82727,-496.44009,-122.45124,932.52588
887,7.383,-305.03552,-144.3851,1029.55273,-328.32193,57.78057,1070.84802,-445.76556,-106.7381,1031.04797,-454.20364,18.80419,1040.83728,-496.17453,-122.20869,932.51294
888,7.392,-305.13165,-144.29575,1029.6084,-328.32193,57.78057,1070.84802,-445.77737,-106.57474,1031.17322,-454.17712,18.76282,1040.67932,-496.13989,-122.21454,932.30597
889,7.4,-305.42783,-143.79449,1029.67273,-328.32193,57.78057,1070.84802,-445.46133,-106.10841,1031.22205,-454.17712,18.76282,1040.67932,-496.21432,-122.09235,932.60944
890,7.408,-305.5802,-143.7475,1029.49597,-328.32193,57.78057,1070.84802,-445.3472,-105.79401,1031.15295,-454.17712,18.76282,1040.67932,-495.94873,-121.84978,932.59644
891,7.417,-305.37543,-143.85245,1029.52942,-328.32193,57.78057,1070.84802,-445.30405,-105.89337,1031.26453,-454.17712,18.76282,1040.67932,-495.94873,-121.84978,932.59644
892,7.425,-305.48404,-143.83688,1029.44019,-328.32193,57.78057,1070.84802,-445.35168,-105.61621,1031.17749,-454.17712,18.76282,1040.67932,-496.17453,-122.20869,932.51294
893,7.433,-305.79245,-143.61533,1029.50293,-328.32193,57.78057,1070.84802,-445.44034,-105.78844,1031.04492,-454.17712,18.76282,1040.67932,-496.44009,-122.45124,932.52588
894,7.442,-305.67911,-143.717,1029.44385,-328.32193,57.78057,1070.84802,-445.53571,-105.6516,1030.74243,-454.17712,18.76282,1040.67932,-496.44009,-122.45124,932.52588
895,7.45,-305.79245,-143.61533,1029.50293,-328.32193,57.78057,1070.84802,-445.44708,-105.47937,1030.875,-454.04623,18.74053,1040.58923,-496.17453,-122.20869,932.51294
896,7.458,-305.67911,-143.717,1029.44385,-328.32193,57.78057,1070.84802,-445.44708,-105.47937,1030.875,-454.04623,18.74053,1040.58923,-496.40549,-122.4571,932.31891
897,7.467,-305.79245,-143.61533,1029.50293,-328.85349,57.52439,1070.57507,-445.44708,-105.47937,1030.875,-454.17712,18.76282,1040.67932,-496.22745,-122.18946,932.32983
898,7.475,-305.67911,-143.717,1029.44385,-328.85349,57.52439,1070.57507,-445.44708,-105.47937,1030.875,-454.04382,18.93402,1040.45776,-496.40549,-122.4571,932.31891
899,7.483,-305.67911,-143.717,1029.44385,-328.85349,57.52439,1070.57507,-445.53571,-105.6516,1030.74243,-454.14014,19.30577,1040.48889,-496.58676,-122.35332,932.151
900,7.492,-305.79245,-143.61533,1029.50293,-328.85349,57.52439,1070.57507,-445.53571,-105.6516,1030.74243,-454.04382,18.93402,1040.45776,-496.32117,-122.11078,932.13806
901,7.5,-305.79245,-143.61533,1029.50293,-328.85349,57.52439,1070.57507,-445.4588,-105.52761,1030.64026,-454.04382,18.93402,1040.45776,-496.35114,-121.82404,932.13647
902,7.508,-305.63977,-143.46544,1029.245,-328.85349,57.52439,1070.57507,-445.53571,-105.6516,1030.74243,-454.04382,18.93402,1040.45776,-496.61673,-122.06664,932.14941
903,7.517,-305.92609,-143.42128,1029.37744,-328.85349,57.52439,1070.57507,-445.53571,-105.6516,1030.74243,-454.17471,18.95632,1040.54773,-496.31665,-121.8296,931.9295
904,7.525,-305.63977,-143.46544,1029.245,-328.85349,57.52439,1070.57507,-445.44708,-105.47937,1030.875,-454.14014,19.30577,1040.48889,-496.3335,-121.71713,931.88806
905,7.533,-305.92609,-143.42128,1029.37744,-328.85349,57.52439,1070.57507,-445.44708,-105.47937,1030.875,-454.14014,19.30577,1040.48889,-496.43875,-121.79903,932.16034
906,7.542,-305.92609,-143.42128,1029.37744,-328.32193,57.78057,1070.84802,-445.44708,-105.47937,1030.875,-454.14014,19.30577,1040.48889,-496.17313,-121.55641,932.14734
907,7.55,-305.92609,-143.42128,1029.37744,-328.85349,57.52439,1070.57507,-445.44708,-105.47937,1030.875,-454.14014,19.30577,1040.48889,-495.95377,-121.32494,932.0072
908,7.558,-305.50613,-143.6595,1029.37061,-328.85349,57.52439,1070.57507,-445.2851,-105.51517,1030.77258,-454.04382,18.93402,1040.45776,-495.76196,-121.34645,932.49591
909,7.567,-305.79245,-143.61533,1029.50293,-328.85349,57.52439,1070.57507,-445.2851,-105.51517,1030.77258,-454.14014,19.30577,1040.48889,-496.15942,-121.35481,932.20959
910,7.575,-305.29239,-143.42175,1029.22351,-328.85349,57.52439,1070.57507,-444.98865,-105.25629,1030.77698,-454.14014,19.30577,1040.48889,-496.15942,-121.35481,932.20959
911,7.583,-305.63977,-143.46544,1029.245,-328.85349,57.52439,1070.57507,-445.38525,-104.79739,1030.85107,-454.14014,19.30577,1040.48889,-496.15942,-121.35481,932.20959
912,7.592,-305.29239,-143.42175,1029.22351,-328.32193,57.78057,1070.84802,-445.22754,-105.34444,1030.98145,-454.14014,19.30577,1040.48889,-495.94064,-121.22792,932.28668
913,7.6,-305.29239,-143.42175,1029.22351,-328.38446,57.53542,1070.24402,-444.95053,-105.32008,1030.6615,-454.14014,19.30577,1040.48889,-495.95172,-121.08936,932.15192
914,7.608,-305.29239,-143.42175,1029.22351,-328.38446,57.53542,1070.24402,-445.14102,-105.12271,1030.96716,-454.14014,19.30577,1040.48889,-495.95172,-121.08936,932.15192
915,7.617,-304.98401,-143.64328,1029.16077,-328.30002,57.65003,1069.89722,-444.98865,-105.25629,1030.77698,-454.14014,19.30577,1040.48889,-495.97601,-121.22297,932.52234
916,7.625,-304.66714,-143.64357,1029.08386,-327.76843,57.90621,1070.17029,-444.86441,-105.10014,1030.81897,-454.04382,18.93402,1040.45776,-495.77512,-121.44349,932.21637
917,7.633,-304.66714,-143.64357,1029.08386,-327.76843,57.90621,1070.17029,-444.82629,-105.16393,1030.70361,-454.03436,19.47275,1040.48486,-495.66776,-121.12595,932.08887
918,7.642,-304.55386,-143.5528,1028.56445,-328.30002,57.65003,1069.89722,-444.50693,-105.14874,1030.51563,-454.03436,19.47275,1040.48486,-495.84641,-121.00738,931.8797
919,7.65,-304.55386,-143.5528,1028.56445,-328.30002,57.65003,1069.89722,-444.62195,-105.20901,1030.73315,-454.03436,19.47275,1040.48486,-495.84641,-121.00738,931.8797
920,7.658,-304.55386,-143.5528,1028.56445,-327.76843,57.90621,1070.17029,-444.50693,-105.14874,1030.51563,-454.03436,19.47275,1040.48486,-495.84848,-121.24297,931.73492
921,7.667,-304.55386,-143.5528,1028.56445,-328.30002,57.65003,1069.89722,-444.62195,-105.20901,1030.73315,-454.03436,19.47275,1040.48486,-495.95377,-121.32494,932.0072
922,7.675,-304.55386,-143.5528,1028.56445,-328.30002,57.65003,1069.89722,-444.39194,-105.08876,1030.2981,-453.93805,19.10101,1040.45374,-495.66983,-121.36154,931.94409
923,7.683,-304.6546,-143.72623,1028.72632,-328.30002,57.65003,1069.89722,-444.39194,-105.08876,1030.2981,-453.93805,19.10101,1040.45374,-495.84848,-121.24297,931.73492
924,7.692,-304.6546,-143.72623,1028.72632,-328.30002,57.65003,1069.89722,-444.6344,-104.97992,1030.38391,-453.75278,19.2089,1040.10815,-495.84848,-121.24297,931.73492
925,7.7,-304.55386,-143.5528,1028.56445,-328.30002,57.65003,1069.89722,-444.5162,-105.24496,1030.25598,-453.93805,19.10101,1040.45374,-495.84848,-121.24297,931.73492
926,7.708,-304.55386,-143.5528,1028.56445,-327.76843,57.90621,1070.17029,-444.98865,-105.25629,1030.77698,-453.93805,19.10101,1040.45374,-495.84848,-121.24297,931.73492
927,7.717,-304.55386,-143.5528,1028.56445,-328.38446,57.53542,1070.24402,-444.74619,-105.36515,1030.69104,-454.03436,19.47275,1040.48486,-495.84848,-121.24297,931.73492
928,7.725,-304.6546,-143.72623,1028.72632,-327.85291,57.79157,1070.51697,-444.86441,-105.10014,1030.81897,-454.03436,19.47275,1040.48486,-495.84848,-121.24297,931.73492
929,7.733,-304.97147,-143.72597,1028.80322,-328.38446,57.53542,1070.24402,-444.10251,-105.2569,1030.57898,-454.03436,19.47275,1040.48486,-495.77512,-121.44349,932.21637
930,7.742,-304.97147,-143.72597,1028.80322,-328.38446,57.53542,1070.24402,-444.10251,-105.2569,1030.57898,-453.93805,19.10101,1040.45374,-495.77512,-121.44349,932.21637
931,7.75,-304.521,-143.92032,1028.85193,-327.76843,57.90621,1070.17029,-444.25067,-105.12909,1030.67371,-453.91876,18.97955,1040.55811,-495.59506,-120.94007,932.37195
932,7.758,-304.521,-143.92032,1028.85193,-327.85291,57.79157,1070.51697,-444.3205,-105.19156,1030.8728,-453.8399,19.06257,1040.51746,-495.7981,-120.95516,932.5332
933,7.767,-304.27631,-144.32414,1028.85803,-327.76843,57.90621,1070.17029,-444.57422,-105.175,1030.70557,-453.8399,19.06257,1040.51746,-495.96283,-121.12592,932.80182
934,7.775,-304.521,-143.92032,1028.85193,-327.85291,57.79157,1070.51697,-444.08609,-105.17182,1030.69604,-453.82065,18.94111,1040.62183,-495.96283,-121.12592,932.80182
935,7.783,-304.27631,-144.32414,1028.85803,-327.85291,57.79157,1070.51697,-443.86908,-105.26521,1030.84277,-453.34787,18.82198,1040.75537,-495.75989,-121.11088,932.64063
936,7.792,-304.27631,-144.32414,1028.85803,-327.85291,57.79157,1070.51697,-443.96075,-105.2981,1031.09497,-453.34787,18.82198,1040.75537,-495.75989,-121.11088,932.64063
937,7.8,-304.27631,-144.32414,1028.85803,-328.05554,57.4659,1070.15845,-444.09912,-105.38583,1031.27783,-453.8399,19.06257,1040.51746,-495.96283,-121.12592,932.80182
938,7.808,-304.27631,-144.32414,1028.85803,-328.58701,57.20971,1069.8855,-444.19705,-105.32044,1031.13953,-453.93805,19.10101,1040.45374,-495.96283,-121.12592,932.80182
939,7.817,-304.27631,-144.32414,1028.85803,-328.05554,57.4659,1070.15845,-444.14352,-105.33161,1030.79443,-453.93805,19.10101,1040.45374,-495.66983,-121.36154,931.94409
940,7.825,-304.27631,-144.32414,1028.85803,-327.97104,57.58051,1069.81165,-443.97662,-105.29759,1030.6167,-453.3671,18.94344,1040.651,-495.66776,-121.12595,932.08887
941,7.833,-304.27631,-144.32414,1028.85803,-328.05554,57.4659,1070.15845,-444.10089,-105.45382,1030.57471,-453.91876,18.97955,1040.55811,-495.59714,-121.17566,932.22723
942,7.842,-304.27631,-144.32414,1028.85803,-328.58701,57.20971,1069.8855,-444.31909,-105.73782,1030.8844,-453.93805,19.10101,1040.45374,-495.99179,-121.66018,932.31531
943,7.85,-304.27631,-144.32414,1028.85803,-328.05554,57.4659,1070.15845,-444.73434,-105.52855,1030.5658,-453.91876,18.97955,1040.55811,-495.97211,-121.92286,932.18628
944,7.858,-304.27631,-144.32414,1028.85803,-328.05554,57.4659,1070.15845,-444.52667,-105.95899,1030.46045,-454.04623,18.74053,1040.58923,-496.13538,-121.93339,932.09747
945,7.867,-304.27631,-144.32414,1028.85803,-328.58701,57.20971,1069.8855,-444.27753,-105.72324,1030.34253,-453.57352,18.62131,1040.72278,-495.48575,-121.55811,931.76361
946,7.875,-304.27631,-144.32414,1028.85803,-328.05554,57.4659,1070.15845,-444.03165,-105.93525,1030.36414,-453.45859,18.31437,1040.77661,-495.48645,-121.81126,931.68042
947,7.883,-304.27631,-144.32414,1028.85803,-328.58701,57.20971,1069.8855,-444.57562,-106.16283,1030.60962,-453.55673,18.35274,1040.71277,-495.45584,-121.84486,931.7652
948,7.892,-304.27631,-144.32414,1028.85803,-328.58701,57.20971,1069.8855,-444.87909,-106.13078,1030.323,-454.02939,18.47196,1040.57935,-495.65363,-121.8499,931.88342
949,7.9,-304.57935,-144.36493,1028.8728,-328.52466,57.45497,1070.48962,-444.95596,-106.25472,1030.42505,-454.02051,18.2829,1040.43604,-495.7048,-122.20005,931.8197
950,7.908,-304.57935,-144.36493,1028.8728,-329.05612,57.19875,1070.21667,-444.70038,-106.29574,1030.19629,-454.02051,18.2829,1040.43604,-495.57217,-122.15583,931.82367
951,7.917,-304.57935,-144.36493,1028.8728,-329.05612,57.19875,1070.21667,-444.31097,-106.34344,1030.30872,-453.43301,17.85673,1040.62341,-495.53766,-122.16137,931.6167
952,7.925,-304.57935,-144.36493,1028.8728,-329.05612,57.19875,1070.21667,-444.45282,-106.52964,1030.50244,-454.00372,18.01431,1040.42615,-495.45584,-121.84486,931.7652
953,7.933,-304.57935,-144.36493,1028.8728,-329.05612,57.19875,1070.21667,-444.74701,-106.37152,1030.87634,-454.00372,18.01431,1040.42615,-495.45584,-121.84486,931.7652
954,7.942,-304.57935,-144.36493,1028.8728,-328.58701,57.20971,1069.8855,-444.78186,-106.09708,1030.62952,-454.00372,18.01431,1040.42615,-495.65881,-121.86003,931.92639
955,7.95,-304.27631,-144.32414,1028.85803,-328.58701,57.20971,1069.8855,-443.92783,-106.47441,1030.43701,-453.53113,17.8951,1040.55957,-495.65363,-121.8499,931.88342
956,7.958,-304.27631,-144.32414,1028.85803,-328.56665,56.65697,1069.81824,-444.09491,-106.78564,1030.39307,-453.37222,17.58395,1040.69702,-495.28867,-121.80614,931.56213
957,7.967,-304.27631,-144.32414,1028.85803,-328.56665,56.65697,1069.81824,-444.20313,-107.24706,1030.35388,-453.3963,17.36171,1040.547,-495.39404,-121.88811,931.83453
958,7.975,-304.8317,-144.43912,1028.82776,-328.56665,56.65697,1069.81824,-444.31558,-107.58139,1030.32495,-453.77072,17.44244,1040.47729,-495.73932,-122.19449,932.02667
959,7.983,-304.8317,-144.43912,1028.82776,-328.56665,56.65697,1069.81824,-444.03879,-107.15708,1030.52563,-453.84479,17.70305,1040.5636,-495.7048,-122.20005,931.8197
960,7.992,-304.51443,-144.44467,1028.80066,-327.91873,55.83664,1069.40942,-444.60925,-107.41966,1030.45911,-453.43301,17.85673,1040.62341,-495.53766,-122.16137,931.6167
961,8,-304.76682,-144.51888,1028.75562,-327.57645,55.67608,1069.599,-444.13608,-107.08584,1030.33191,-453.43301,17.85673,1040.62341,-495.28867,-121.80614,931.56213
962,8.008,-304.814,-144.65808,1028.67615,-327.97809,55.30584,1069.74097,-444.16916,-107.79588,1030.50488,-453.27713,17.45603,1040.74854,-495.28867,-121.80614,931.56213
963,8.017,-304.62198,-144.98509,1028.36536,-328.32037,55.46644,1069.55139,-444.21838,-108.04233,1030.48462,-453.84479,17.70305,1040.5636,-495.88336,-122.08149,931.6106
964,8.025,-304.70392,-144.60268,1028.62061,-327.97809,55.30584,1069.74097,-444.78384,-107.83681,1030.1156,-453.84479,17.70305,1040.5636,-495.88336,-122.08149,931.6106
965,8.033,-304.75113,-144.74187,1028.54114,-327.97809,55.30584,1069.74097,-444.70584,-108.23442,1030.39221,-453.77072,17.44244,1040.47729,-495.88336,-122.08149,931.6106
966,8.042,-304.75113,-144.74187,1028.54114,-328.4332,55.31411,1070.01453,-444.70584,-108.23442,1030.39221,-453.29819,17.32335,1040.61072,-495.6778,-122.0518,931.40826
967,8.05,-304.62198,-144.98509,1028.36536,-327.97809,55.30584,1069.74097,-444.70584,-108.23442,1030.39221,-453.21979,17.28387,1040.73767,-495.6778,-122.0518,931.40826
968,8.058,-304.75113,-144.74187,1028.54114,-328.4332,55.31411,1070.01453,-444.47913,-108.24873,1030.2439,-453.6546,17.44733,1040.66675,-495.63446,-121.7263,931.55603
969,8.067,-304.62198,-144.98509,1028.36536,-328.4332,55.31411,1070.01453,-444.70584,-108.23442,1030.39221,-453.6546,17.44733,1040.66675,-495.88336,-122.08149,931.6106
970,8.075,-304.75113,-144.74187,1028.54114,-328.4332,55.31411,1070.01453,-444.62488,-108.363,1030.55908,-453.27713,17.45603,1040.74854,-495.7048,-122.20005,931.8197
971,8.083,-304.62198,-144.98509,1028.36536,-328.4332,55.31411,1070.01453,-444.62488,-108.363,1030.55908,-453.10754,17.00223,1040.86938,-495.53766,-122.16137,931.6167
972,8.092,-304.75113,-144.74187,1028.54114,-328.4332,55.31411,1070.01453,-444.62488,-108.363,1030.55908,-453.21133,16.98797,1040.97424,-495.7048,-122.20005,931.8197
973,8.1,-304.62198,-144.98509,1028.36536,-328.4332,55.31411,1070.01453,-444.42157,-108.34484,1030.66565,-453.6843,17.17243,1040.68542,-495.88336,-122.08149,931.6106
974,8.108,-304.87329,-144.76886,1028.38452,-328.4332,55.31411,1070.01453,-444.63455,-108.12148,1030.19983,-453.75836,17.43308,1040.77161,-495.88336,-122.08149,931.6106
975,8.117,-304.64047,-144.90689,1028.18335,-327.97809,55.30584,1069.74097,-444.42157,-108.34484,1030.66565,-453.29782,17.30295,1041.04895,-495.88336,-122.08149,931.6106
976,8.125,-304.75113,-144.74187,1028.54114,-327.97809,55.30584,1069.74097,-444.62488,-108.363,1030.55908,-453.66663,17.43627,1040.81067,-495.65363,-121.8499,931.88342
977,8.133,-304.62198,-144.98509,1028.36536,-327.97809,55.30584,1069.74097,-444.50302,-108.25922,1030.4873,-453.6546,17.44733,1040.66675,-495.7048,-122.20005,931.8197
978,8.142,-304.87329,-144.76886,1028.38452,-327.97809,55.30584,1069.74097,-444.39813,-108.3773,1030.41077,-453.86728,17.6515,1040.89258,-496.11563,-122.08096,931.93573
979,8.15,-304.90445,-144.68611,1028.17163,-328.32037,55.46644,1069.55139,-445.08124,-108.51788,1030.52795,-453.86728,17.6515,1040.89258,-496.11563,-122.08096,931.93573
980,8.158,-304.77533,-144.92932,1027.99585,-328.32037,55.46644,1069.55139,-444.70584,-108.23442,1030.39221,-453.84491,17.64068,1040.72583,-496.08112,-122.08652,931.72876
981,8.167,-304.77533,-144.92932,1027.99585,-327.97809,55.30584,1069.74097,-444.70584,-108.23442,1030.39221,-453.89798,17.3374,1040.70764,-495.90256,-122.20508,931.93787
982,8.175,-304.77533,-144.92932,1027.99585,-328.32037,55.46644,1069.55139,-444.79617,-108.06966,1030.01257,-453.94696,17.76707,1040.67786,-496.08112,-122.08652,931.72876
983,8.183,-304.77533,-144.92932,1027.99585,-328.32037,55.46644,1069.55139,-444.79617,-108.06966,1030.01257,-454.01431,17.64699,1040.8623,-496.08112,-122.08652,931.72876
984,8.192,-304.8486,-145.01228,1027.89502,-328.32037,55.46644,1069.55139,-444.87717,-107.77837,1029.9541,-454.10678,17.79056,1040.78784,-496.22086,-122.32967,931.78241
985,8.2,-304.8486,-145.01228,1027.89502,-328.78958,55.45561,1069.88281,-444.79617,-108.06966,1030.01257,-454.08359,17.66511,1040.75977,-496.08112,-122.08652,931.72876
986,8.208,-304.8486,-145.01228,1027.89502,-328.32037,55.46644,1069.55139,-444.79617,-108.06966,1030.01257,-454.21838,17.81028,1040.71948,-496.08112,-122.08652,931.72876
987,8.217,-305.10309,-144.9416,1028.05762,-328.78958,55.45561,1069.88281,-444.79617,-108.06966,1030.01257,-454.05856,17.78679,1040.60938,-496.30725,-122.44486,931.64532
988,8.225,-305.10309,-144.9416,1028.05762,-328.78958,55.45561,1069.88281,-445.13852,-108.42355,1030.31396,-454.05856,17.78679,1040.60938,-496.7514,-122.56911,931.44922
989,8.233,-305.2905,-144.78552,1028.12305,-328.78958,55.45561,1069.88281,-444.87717,-107.77837,1029.9541,-454.21838,17.81028,1040.71948,-496.48645,-122.5723,931.79541
990,8.242,-305.23221,-144.69836,1028.2334,-328.78958,55.45561,1069.88281,-444.99203,-107.83813,1030.17139,-454.26764,18.10612,1040.65491,-496.22086,-122.32967,931.78241
991,8.25,-305.2905,-144.78552,1028.12305,-329.43741,56.27598,1070.29138,-445.12061,-107.22778,1030.01294,-454.21838,17.81028,1040.71948,-496.48645,-122.5723,931.79541
992,8.258,-305.23221,-144.69836,1028.2334,-329.43741,56.27598,1070.29138,-445.00787,-107.35444,1030.02148,-454.05856,17.78679,1040.60938,-496.48645,-122.5723,931.79541
993,8.267,-305.23221,-144.69836,1028.2334,-329.43741,56.27598,1070.29138,-445.33221,-108.00564,1030.24683,-454.26764,18.10612,1040.65491,-496.71252,-122.93072,931.71191
994,8.275,-305.23221,-144.69836,1028.2334,-329.43741,56.27598,1070.29138,-445.21741,-107.94591,1030.02966,-454.21838,17.81028,1040.71948,-496.71252,-122.93072,931.71191
995,8.283,-305.23221,-144.69836,1028.2334,-329.44638,54.94799,1069.9231,-445.21741,-107.94591,1030.02966,-454.21838,17.81028,1040.71948,-496.71252,-122.93072,931.71191
996,8.292,-305.23221,-144.69836,1028.2334,-329.43741,56.27598,1070.29138,-445.12061,-107.22778,1030.01294,-454.26764,18.10612,1040.65491,-496.48645,-122.5723,931.79541
997,8.3,-305.23221,-144.69836,1028.2334,-329.43741,56.27598,1070.29138,-445.35037,-107.3476,1030.44751,-454.26764,18.10612,1040.65491,-496.7984,-122.55486,931.92932
998,8.308,-305.23221,-144.69836,1028.2334,-329.43741,56.27598,1070.29138,-445.35037,-107.3476,1030.44751,-454.26764,18.10612,1040.65491,-496.69193,-122.60199,931.99768
999,8.317,-304.90445,-144.68611,1028.17163,-329.43741,56.27598,1070.29138,-445.05966,-107.32578,1030.17139,-454.26764,18.10612,1040.65491,-496.69193,-122.60199,931.99768
1000,8.325,-305.23221,-144.69836,1028.2334,-330.09412,55.76864,1070.33167,-445.35037,-107.3476,1030.44751,-454.26764,18.10612,1040.65491,-497.02438,-122.91325,931.84583
1001,8.333,-304.90445,-144.68611,1028.17163,-329.43741,56.27598,1070.29138,-445.10828,-106.99483,1030.11584,-454.26764,18.10612,1040.65491,-496.67929,-122.64036,931.58997
1002,8.342,-305.03812,-144.49203,1028.04602,-329.43741,56.27598,1070.29138,-445.10828,-106.99483,1030.11584,-454.26764,18.10612,1040.65491,-496.55228,-122.3589,931.94403
1003,8.35,-304.99088,-144.35284,1028.12549,-329.43741,56.27598,1070.29138,-445.12061,-107.22778,1030.01294,-454.21838,17.81028,1040.71948,-496.28668,-122.11635,931.93109
1004,8.358,-304.99088,-144.35284,1028.12549,-329.43741,56.27598,1070.29138,-445.35037,-107.3476,1030.44751,-454.26764,18.10612,1040.65491,-496.39316,-122.06923,931.86279
1005,8.367,-304.99088,-144.35284,1028.12549,-329.43741,56.27598,1070.29138,-445.10828,-106.99483,1030.11584,-454.26764,18.10612,1040.65491,-496.18759,-122.0394,931.66046
1006,8.375,-305.03812,-144.49203,1028.04602,-329.43741,56.27598,1070.29138,-445.23547,-107.28755,1030.23022,-454.26764,18.10612,1040.65491,-496.08112,-122.08652,931.72876
1007,8.383,-305.03812,-144.49203,1028.04602,-329.4577,56.82867,1070.35864,-445.14557,-107.07554,1029.9967,-454.30426,18.17835,1040.84192,-496.28668,-122.11635,931.93109
1008,8.392,-304.99088,-144.35284,1028.12549,-329.43741,56.27598,1070.29138,-445.35037,-107.3476,1030.44751,-454.26764,18.10612,1040.65491,-496.28668,-122.11635,931.93109
1009,8.4,-304.85605,-144.3304,1028.31287,-329.43741,56.27598,1070.29138,-445.23547,-107.28755,1030.23022,-454.26764,18.10612,1040.65491,-496.28668,-122.11635,931.93109
1010,8.408,-304.99088,-144.35284,1028.12549,-329.43741,56.27598,1070.29138,-445.15823,-106.69035,1030.0835,-454.26764,18.10612,1040.65491,-496.08112,-122.08652,931.72876
1011,8.417,-305.05374,-144.26906,1028.2605,-329.4577,56.82867,1070.35864,-445.17642,-106.58762,1030.17969,-454.26764,18.10612,1040.65491,-495.90256,-122.20508,931.93787
1012,8.425,-305.11862,-144.18933,1028.33252,-329.4577,56.82867,1070.35864,-445.04153,-106.5273,1029.95044,-454.26764,18.10612,1040.65491,-495.90256,-122.20508,931.93787
1013,8.433,-305.11862,-144.18933,1028.33252,-329.4577,56.82867,1070.35864,-445.02905,-106.29485,1030.05359,-454.30426,18.17835,1040.84192,-496.28668,-122.11635,931.93109
1014,8.442,-304.73141,-144.09264,1028.56519,-329.05612,57.19875,1070.21667,-445.02905,-106.29485,1030.05359,-454.26764,18.10612,1040.65491,-496.28668,-122.11635,931.93109
1015,8.45,-304.6546,-143.72623,1028.72632,-329.4577,56.82867,1070.35864,-445.04153,-106.5273,1029.95044,-454.15143,18.30521,1040.52612,-496.28668,-122.11635,931.93109
1016,8.458,-304.40994,-144.13005,1028.73242,-329.4577,56.82867,1070.35864,-445.00497,-106.08267,1030.13171,-454.26855,18.41791,1040.68567,-496.28668,-122.11635,931.93109
1017,8.467,-304.6546,-143.72623,1028.72632,-329.4577,56.82867,1070.35864,-444.89005,-106.02273,1029.91431,-454.15143,18.30521,1040.52612,-496.28668,-122.11635,931.93109
1018,8.475,-304.40994,-144.13005,1028.73242,-329.4577,56.82867,1070.35864,-444.91638,-105.91042,1030.2644,-454.17795,18.34656,1040.68408,-495.85657,-121.86498,932.04456
1019,8.483,-304.6546,-143.72623,1028.72632,-329.05612,57.19875,1070.21667,-444.87833,-105.97452,1030.14905,-454.17795,18.34656,1040.68408,-496.06784,-121.47449,931.87506
1020,8.492,-304.42834,-144.05185,1028.55029,-329.05612,57.19875,1070.21667,-445.05798,-105.94242,1030.19238,-454.18683,18.53563,1040.82727,-495.99179,-121.66018,932.31531
1021,8.5,-304.67303,-143.64801,1028.54419,-329.05612,57.19875,1070.21667,-445.00497,-106.08267,1030.13171,-454.16031,18.49426,1040.66931,-496.35114,-121.82404,932.13647
1022,8.508,-304.40994,-144.13005,1028.73242,-329.05612,57.19875,1070.21667,-445.06247,-105.76456,1030.21692,-454.17712,18.76282,1040.67932,-496.38577,-121.81821,932.34338
1023,8.517,-304.6546,-143.72623,1028.72632,-329.05612,57.19875,1070.21667,-444.83185,-105.57058,1030.01025,-454.20364,18.80419,1040.83728,-496.17313,-121.55641,932.14734
1024,8.525,-304.6546,-143.72623,1028.72632,-329.05612,57.19875,1070.21667,-444.85818,-105.45834,1030.36035,-454.20364,18.80419,1040.83728,-496.05414,-121.27288,931.93732
1025,8.533,-304.6546,-143.72623,1028.72632,-329.05612,57.19875,1070.21667,-444.72324,-105.46923,1030.25256,-454.27347,19.13457,1040.71045,-496.05414,-121.27288,931.93732
1026,8.542,-304.67303,-143.64801,1028.54419,-329.05612,57.19875,1070.21667,-444.74323,-105.39836,1030.14282,-454.20364,18.80419,1040.83728,-496.05414,-121.27288,931.93732
1027,8.55,-304.67303,-143.64801,1028.54419,-329.05612,57.19875,1070.21667,-444.92737,-105.43467,1029.70764,-454.04623,18.74053,1040.58923,-495.96869,-121.39748,931.60437
1028,8.558,-304.56305,-143.46735,1028.38391,-329.05612,57.19875,1070.21667,-444.97867,-105.32867,1029.63672,-454.17712,18.76282,1040.67932,-495.86218,-121.4446,931.67267
1029,8.567,-304.56305,-143.46735,1028.38391,-329.05612,57.19875,1070.21667,-444.99008,-105.70896,1029.63635,-454.31268,18.92039,1040.32288,-496.28967,-121.68136,931.51807
1030,8.575,-304.81116,-143.27878,1028.07312,-329.05612,57.19875,1070.21667,-444.99008,-105.70896,1029.63635,-454.20364,18.80419,1040.83728,-496.39618,-121.63419,931.44971
1031,8.583,-304.81116,-143.27878,1028.07312,-328.58701,57.20971,1069.8855,-445.09436,-105.4627,1029.62598,-454.16824,18.57374,1040.53601,-496.14737,-121.27905,931.3952
1032,8.592,-305.11432,-143.31958,1028.08801,-329.05612,57.19875,1070.21667,-445.04135,-105.60297,1029.56543,-454.17712,18.76282,1040.67932,-496.28589,-121.12514,931.38007
1033,8.6,-304.81116,-143.27878,1028.07312,-328.58701,57.20971,1069.8855,-444.79068,-105.47982,1029.46826,-454.17712,18.76282,1040.67932,-496.28589,-121.12514,931.38007
1034,8.608,-304.81116,-143.27878,1028.07312,-328.5025,57.32428,1069.53857,-444.92566,-105.46893,1029.57605,-454.17712,18.76282,1040.67932,-496.28589,-121.12514,931.38007
1035,8.617,-304.81116,-143.27878,1028.07312,-328.5025,57.32428,1069.53857,-445.04135,-105.60297,1029.56543,-454.27347,19.13457,1040.71045,-496.59003,-121.24841,931.315
1036,8.625,-304.98486,-143.03784,1027.80042,-328.79346,57.44267,1069.12793,-445.04135,-105.60297,1029.56543,-454.31268,18.92039,1040.32288,-496.53464,-121.48028,931.43463
1037,8.633,-304.81116,-143.27878,1028.07312,-328.5025,57.32428,1069.53857,-444.90637,-105.61385,1029.45764,-454.30377,18.73134,1040.17957,-496.28589,-121.12514,931.38007
1038,8.642,-304.98486,-143.03784,1027.80042,-328.79346,57.44267,1069.12793,-445.09436,-105.4627,1029.62598,-454.30136,18.92488,1040.0481,-496.28589,-121.12514,931.38007
1039,8.65,-304.81116,-143.27878,1028.07312,-328.79346,57.44267,1069.12793,-444.92566,-105.46893,1029.57605,-454.31024,19.11393,1040.19128,-496.34128,-120.89329,931.26044
1040,8.658,-304.81116,-143.27878,1028.07312,-328.79346,57.44267,1069.12793,-444.92566,-105.46893,1029.57605,-454.40656,19.4857,1040.22241,-496.34128,-120.89329,931.26044
1041,8.667,-305.00623,-143.15889,1028.07666,-328.79346,57.44267,1069.12793,-444.97867,-105.32867,1029.63672,-454.39767,19.2966,1040.07922,-496.41748,-120.60326,931.1665
1042,8.675,-304.98486,-143.03784,1027.80042,-328.79346,57.44267,1069.12793,-444.84369,-105.33955,1029.52893,-454.40656,19.4857,1040.22241,-496.41748,-120.60326,931.1665
1043,8.683,-304.81116,-143.27878,1028.07312,-328.79346,57.44267,1069.12793,-444.92566,-105.46893,1029.57605,-454.31024,19.11393,1040.19128,-496.53464,-121.48028,931.43463
1044,8.692,-304.81116,-143.27878,1028.07312,-328.79346,57.44267,1069.12793,-444.84369,-105.33955,1029.52893,-454.31024,19.11393,1040.19128,-496.53464,-121.48028,931.43463
1045,8.7,-304.81116,-143.27878,1028.07312,-328.79346,57.44267,1069.12793,-444.97867,-105.32867,1029.63672,-454.39767,19.2966,1040.07922,-496.40378,-120.40162,931.2287
1046,8.708,-304.98486,-143.03784,1027.80042,-328.79346,57.44267,1069.12793,-444.89008,-105.15646,1029.76929,-454.39767,19.2966,1040.07922,-496.26526,-120.55557,931.24377
1047,8.717,-304.81116,-143.27878,1028.07312,-329.08826,57.59832,1068.92126,-444.7551,-105.16734,1029.6615,-454.2757,19.46343,1040.13245,-496.32758,-120.69166,931.32263
1048,8.725,-304.98486,-143.03784,1027.80042,-328.79346,57.44267,1069.12793,-444.84369,-105.33955,1029.52893,-454.2757,19.46343,1040.13245,-496.40378,-120.40162,931.2287
1049,8.733,-304.98486,-143.03784,1027.80042,-329.08826,57.59832,1068.92126,-444.84369,-105.33955,1029.52893,-454.2757,19.46343,1040.13245,-496.65253,-120.75671,931.28326
1050,8.742,-304.98486,-143.03784,1027.80042,-328.79346,57.44267,1069.12793,-444.92566,-105.46893,1029.57605,-454.40656,19.4857,1040.22241,-496.33539,-121.02919,931.50751
1051,8.75,-304.98486,-143.03784,1027.80042,-329.08826,57.59832,1068.92126,-444.7551,-105.16734,1029.6615,-454.27103,19.32805,1040.57898,-496.03879,-120.86906,931.59424
1052,8.758,-304.98486,-143.03784,1027.80042,-328.79346,57.44267,1069.12793,-444.89008,-105.15646,1029.76929,-454.14014,19.30577,1040.48889,-495.84848,-121.24297,931.73492
1053,8.767,-304.98486,-143.03784,1027.80042,-328.79346,57.44267,1069.12793,-444.65958,-105.30328,1029.96411,-454.27103,19.32805,1040.57898,-495.90384,-121.01118,931.6153
1054,8.775,-304.98486,-143.03784,1027.80042,-329.08826,57.59832,1068.92126,-444.60361,-105.01247,1029.68689,-454.27103,19.32805,1040.57898,-495.98004,-120.72122,931.52136
1055,8.783,-304.98486,-143.03784,1027.80042,-329.08826,57.59832,1068.92126,-444.7037,-104.84145,1029.71179,-453.9549,19.41366,1040.14343,-495.98004,-120.72122,931.52136
1056,8.792,-305.0405,-142.78285,1027.78186,-329.08826,57.59832,1068.92126,-444.50809,-105.14842,1029.9895,-454.14014,19.30577,1040.48889,-495.98004,-120.72122,931.52136
1057,8.8,-304.98486,-143.03784,1027.80042,-329.08826,57.59832,1068.92126,-444.53915,-105.1366,1030.19299,-454.14014,19.30577,1040.48889,-495.978,-120.48557,931.66614
1058,8.808,-304.98486,-143.03784,1027.80042,-329.08826,57.59832,1068.92126,-444.47324,-104.98832,1029.90674,-454.14014,19.30577,1040.48889,-496.15942,-121.35481,932.20959
1059,8.817,-305.0405,-142.78285,1027.78186,-329.08826,57.59832,1068.92126,-444.43149,-104.84956,1030.14221,-454.27103,19.32805,1040.57898,-496.15738,-121.11921,932.35431
1060,8.825,-305.0405,-142.78285,1027.78186,-329.05112,57.71851,1068.59216,-444.44324,-104.98277,1030.22717,-454.14014,19.30577,1040.48889,-496.05212,-121.03727,932.08209
1061,8.833,-305.0405,-142.78285,1027.78186,-329.05112,57.71851,1068.59216,-444.44324,-104.98277,1030.22717,-454.27103,19.32805,1040.57898,-495.84641,-121.00738,931.8797
1062,8.842,-305.0405,-142.78285,1027.78186,-329.08826,57.59832,1068.92126,-444.43036,-104.6785,1030.52856,-454.32831,19.47259,1040.78418,-496.13174,-120.73756,931.99249
1063,8.85,-305.0405,-142.78285,1027.78186,-329.05112,57.71851,1068.59216,-444.19608,-105.12714,1030.46912,-454.27103,19.32805,1040.57898,-496.0556,-120.92329,932.43274
1064,8.858,-305.0405,-142.78285,1027.78186,-329.08826,57.59832,1068.92126,-444.02795,-105.19164,1030.54578,-454.27103,19.32805,1040.57898,-495.97601,-121.22297,932.52234
1065,8.867,-305.0405,-142.78285,1027.78186,-329.08826,57.59832,1068.92126,-443.97662,-105.29759,1030.6167,-454.27103,19.32805,1040.57898,-495.96283,-121.12592,932.80182
1066,8.875,-305.0405,-142.78285,1027.78186,-329.05112,57.71851,1068.59216,-443.96701,-105.1998,1030.70459,-454.14014,19.30577,1040.48889,-495.96283,-121.12592,932.80182
1067,8.883,-305.0405,-142.78285,1027.78186,-329.05112,57.71851,1068.59216,-443.93402,-104.92013,1030.71143,-454.27103,19.32805,1040.57898,-495.96283,-121.12592,932.80182
1068,8.892,-305.0405,-142.78285,1027.78186,-329.05112,57.71851,1068.59216,-444.17966,-105.04207,1030.58618,-454.32831,19.47259,1040.78418,-495.96283,-121.12592,932.80182
1069,8.9,-305.0405,-142.78285,1027.78186,-329.05112,57.71851,1068.59216,-444.38235,-104.99099,1030.38586,-454.14014,19.30577,1040.48889,-496.05212,-121.03727,932.08209
1070,8.908,-304.98486,-143.03784,1027.80042,-329.08826,57.59832,1068.92126,-444.02795,-105.19164,1030.54578,-454.14014,19.30577,1040.48889,-495.96283,-121.12592,932.80182
1071,8.917,-305.0405,-142.78285,1027.78186,-329.05112,57.71851,1068.59216,-444.17966,-105.04207,1030.58618,-454.14014,19.30577,1040.48889,-496.04245,-120.82624,932.71216
1072,8.925,-305.0405,-142.78285,1027.78186,-329.08826,57.59832,1068.92126,-444.1835,-104.97665,1030.33887,-454.19748,19.45033,1040.69421,-496.04245,-120.82624,932.71216
1073,8.933,-305.0405,-142.78285,1027.78186,-329.05112,57.71851,1068.59216,-444.1835,-104.97665,1030.33887,-454.19748,19.45033,1040.69421,-496.0556,-120.92329,932.43274
1074,8.942,-305.0405,-142.78285,1027.78186,-329.05112,57.71851,1068.59216,-444.19608,-105.12714,1030.46912,-454.14014,19.30577,1040.48889,-495.87076,-121.14104,932.25006
1075,8.95,-305.0405,-142.78285,1027.78186,-329.05112,57.71851,1068.59216,-444.1835,-104.97665,1030.33887,-454.27103,19.32805,1040.57898,-496.18704,-120.89513,932.0611
1076,8.958,-304.96466,-142.6514,1027.54053,-329.05112,57.71851,1068.59216,-444.39246,-105.01427,1030.00024,-454.14014,19.30577,1040.48889,-496.05212,-121.03727,932.08209
1077,8.967,-305.23563,-142.66295,1027.78528,-329.05112,57.71851,1068.59216,-444.60782,-104.68764,1029.74597,-454.19748,19.45033,1040.69421,-496.18704,-120.89513,932.0611
1078,8.975,-305.23563,-142.66295,1027.78528,-329.05112,57.71851,1068.59216,-444.52704,-104.71362,1029.83948,-454.19748,19.45033,1040.69421,-496.13174,-120.73756,931.99249
1079,8.983,-305.23563,-142.66295,1027.78528,-329.05112,57.71851,1068.59216,-444.60782,-104.68764,1029.74597,-454.28369,19.61681,1040.73999,-496.289,-120.59744,932.14075
1080,8.992,-305.23563,-142.66295,1027.78528,-329.05112,57.71851,1068.59216,-444.43149,-104.84956,1030.14221,-454.32831,19.47259,1040.78418,-496.42392,-120.45527,932.11975
1081,9,-305.23563,-142.66295,1027.78528,-329.05112,57.71851,1068.59216,-444.43149,-104.84956,1030.14221,-454.19748,19.45033,1040.69421,-496.18375,-120.51553,931.86853
1082,9.008,-305.23563,-142.66295,1027.78528,-329.05112,57.71851,1068.59216,-444.1835,-104.97665,1030.33887,-454.41455,19.63906,1040.82996,-496.13901,-120.51861,932.0752
1083,9.017,-305.23563,-142.66295,1027.78528,-328.987,58.73948,1068.7749,-444.43149,-104.84956,1030.14221,-454.41455,19.63906,1040.82996,-495.7738,-120.82153,932.16278
1084,9.025,-305.23563,-142.66295,1027.78528,-329.05112,57.71851,1068.59216,-444.64825,-104.19164,1029.99463,-454.41455,19.63906,1040.82996,-496.19803,-120.84152,932.5694
1085,9.033,-305.23563,-142.66295,1027.78528,-329.05112,57.71851,1068.59216,-444.64825,-104.19164,1029.99463,-454.41455,19.63906,1040.82996,-496.22388,-120.72246,932.54413
1086,9.042,-305.12125,-142.65738,1027.97058,-329.05112,57.71851,1068.59216,-444.46838,-104.15382,1030.37512,-454.55014,19.79668,1040.47339,-496.35876,-120.58031,932.52307
1087,9.05,-305.12125,-142.65738,1027.97058,-329.05112,57.71851,1068.59216,-444.46838,-104.15382,1030.37512,-454.41455,19.63906,1040.82996,-496.27762,-120.54179,932.4798
1088,9.058,-305.12125,-142.65738,1027.97058,-329.05112,57.71851,1068.59216,-444.54953,-103.86237,1030.31665,-454.37323,19.85997,1040.24487,-496.32965,-120.31973,932.35583
1089,9.067,-305.12125,-142.65738,1027.97058,-329.05112,57.71851,1068.59216,-444.64508,-103.72636,1030.01392,-454.41928,19.77443,1040.38342,-496.32965,-120.31973,932.35583
1090,9.075,-305.23563,-142.66295,1027.78528,-329.05112,57.71851,1068.59216,-444.54953,-103.86237,1030.31665,-454.41928,19.77443,1040.38342,-496.27762,-120.54179,932.4798
1091,9.083,-305.23563,-142.66295,1027.78528,-329.05112,57.71851,1068.59216,-444.64825,-104.19164,1029.99463,-454.19748,19.45033,1040.69421,-496.20685,-120.36976,932.25629
1092,9.092,-305.23563,-142.66295,1027.78528,-329.05112,57.71851,1068.59216,-444.52704,-104.71362,1029.83948,-454.2757,19.46343,1040.13245,-496.12726,-120.66954,932.34595
1093,9.1,-305.23563,-142.66295,1027.78528,-329.05112,57.71851,1068.59216,-444.52704,-104.71362,1029.83948,-454.36194,19.62993,1040.1781,-496.17108,-120.69331,932.15778
1094,9.108,-305.23563,-142.66295,1027.78528,-329.05112,57.71851,1068.59216,-444.65784,-104.28942,1029.90686,-454.2757,19.46343,1040.13245,-496.25885,-120.14764,932.13232
1095,9.117,-305.23563,-142.66295,1027.78528,-329.05112,57.71851,1068.59216,-444.56772,-104.20358,1030.29102,-454.09879,19.5268,1039.90393,-496.36893,-120.08875,932.06995
1096,9.125,-305.23563,-142.66295,1027.78528,-329.05112,57.71851,1068.59216,-444.72418,-104.10805,1030.0575,-454.2757,19.46343,1040.13245,-496.09406,-119.97685,931.86371
1097,9.133,-305.23563,-142.66295,1027.78528,-329.05112,57.71851,1068.59216,-444.73898,-103.99796,1029.84827,-454.30505,19.63374,1040.00183,-496.16666,-120.16269,931.58075
1098,9.142,-305.23563,-142.66295,1027.78528,-329.05112,57.71851,1068.59216,-444.73898,-103.99796,1029.84827,-454.12811,19.69716,1039.77332,-496.29166,-120.22488,931.43585
1099,9.15,-305.23563,-142.66295,1027.78528,-329.05112,57.71851,1068.59216,-444.60782,-104.68764,1029.74597,-454.09879,19.5268,1039.90393,-496.45544,-119.9852,931.30908
1100,9.158,-305.15976,-142.53146,1027.54407,-329.05112,57.71851,1068.59216,-444.60782,-104.68764,1029.74597,-454.09879,19.5268,1039.90393,-496.39868,-120.34828,931.76764
1101,9.167,-305.09229,-141.96909,1027.67212,-329.15924,57.81339,1068.24634,-444.52704,-104.71362,1029.83948,-454.09879,19.5268,1039.90393,-496.42917,-120.58919,931.79492
1102,9.175,-305.02606,-142.29597,1027.79541,-328.57629,58.20478,1068.32837,-444.52704,-104.71362,1029.83948,-454.35019,19.98393,1039.96387,-496.12393,-120.2898,932.15338
1103,9.183,-305.2049,-142.48988,1027.85632,-328.57629,58.20478,1068.32837,-444.73898,-103.99796,1029.84827,-453.96829,20.04465,1039.70142,-496.25885,-120.14764,932.13232
1104,9.192,-305.09229,-141.96909,1027.67212,-328.5123,59.22546,1068.51099,-444.73898,-103.99796,1029.84827,-453.96829,20.04465,1039.70142,-496.12393,-120.2898,932.15338
1105,9.2,-305.27115,-142.16302,1027.73303,-328.57629,58.20478,1068.32837,-444.7294,-103.90016,1029.93604,-454.05457,20.21115,1039.74719,-496.25885,-120.14764,932.13232
1106,9.208,-305.02606,-142.29597,1027.79541,-328.52652,58.46225,1067.8949,-444.64508,-103.72636,1030.01392,-454.23154,20.14769,1039.97583,-496.12393,-120.2898,932.15338
1107,9.217,-305.2049,-142.48988,1027.85632,-328.46252,59.48282,1068.07764,-444.56396,-104.01788,1030.07251,-454.23154,20.14769,1039.97583,-496.41254,-120.39964,932.45874
1108,9.225,-305.2049,-142.48988,1027.85632,-328.46252,59.48282,1068.07764,-444.56396,-104.01788,1030.07251,-454.23154,20.14769,1039.97583,-496.41254,-120.39964,932.45874
1109,9.233,-305.02606,-142.29597,1027.79541,-328.52652,58.46225,1067.8949,-444.64508,-103.72636,1030.01392,-453.96829,20.04465,1039.70142,-496.46457,-120.17756,932.33478
1110,9.242,-305.09229,-141.96909,1027.67212,-328.46252,59.48282,1068.07764,-444.33066,-103.85469,1030.17871,-453.96829,20.04465,1039.70142,-496.46457,-120.17756,932.33478
1111,9.25,-304.84131,-141.80083,1027.34656,-328.46252,59.48282,1068.07764,-444.33066,-103.85469,1030.17871,-453.8244,19.93143,1039.94104,-496.46457,-120.17756,932.33478
1112,9.258,-305.24258,-141.79906,1027.45459,-328.46252,59.48282,1068.07764,-444.33066,-103.85469,1030.17871,-453.8244,19.93143,1039.94104,-496.5704,-120.00916,932.36359
1113,9.267,-304.87091,-141.53732,1027.17529,-328.0079,59.4752,1067.80469,-444.64508,-103.72636,1030.01392,-453.8244,19.93143,1039.94104,-496.57465,-120.11866,932.2724
1114,9.275,-305.24515,-141.88982,1027.35999,-328.52652,58.46225,1067.8949,-444.64508,-103.72636,1030.01392,-454.14526,19.98118,1039.93005,-496.68002,-119.93815,932.31134
1115,9.283,-304.87091,-141.53732,1027.17529,-328.07175,58.45467,1067.62195,-444.33066,-103.85469,1030.17871,-453.8244,19.93143,1039.94104,-496.68002,-119.93815,932.31134
1116,9.292,-304.87091,-141.53732,1027.17529,-328.07175,58.45467,1067.62195,-444.33066,-103.85469,1030.17871,-453.91068,20.09791,1039.98682,-496.68002,-119.93815,932.31134
1117,9.3,-304.55396,-141.53755,1027.09839,-327.75558,58.77935,1067.44629,-444.41031,-103.96461,1030.50732,-453.8244,19.93143,1039.94104,-496.51532,-119.7674,932.04279
1118,9.308,-304.88953,-141.44574,1026.96655,-327.69186,59.79969,1067.62915,-444.47681,-103.64227,1029.97839,-453.806,20.12952,1040.00659,-496.58789,-119.95323,931.75983
1119,9.317,-304.47971,-141.29332,1026.68164,-327.75558,58.77935,1067.44629,-444.64508,-103.72636,1030.01392,-453.806,20.12952,1040.00659,-496.51532,-119.7674,932.04279
1120,9.325,-304.23264,-141.02895,1026.57043,-327.75558,58.77935,1067.44629,-444.16238,-103.77057,1030.14331,-453.806,20.12952,1040.00659,-496.68207,-119.63874,932.3606
1121,9.333,-304.23264,-141.02895,1026.57043,-327.69186,59.79969,1067.62915,-444.16238,-103.77057,1030.14331,-453.806,20.12952,1040.00659,-496.79169,-119.56772,932.30835
1122,9.342,-304.62225,-141.27072,1027.06702,-327.69186,59.79969,1067.62915,-444.13074,-103.65637,1030.21973,-453.89227,20.29601,1040.05237,-496.79169,-119.56772,932.30835
1123,9.35,-304.33206,-141.30942,1026.94153,-327.69186,59.79969,1067.62915,-444.0744,-103.79725,1030.55542,-453.89227,20.29601,1040.05237,-496.59634,-119.88701,932.435
1124,9.358,-304.33206,-141.30942,1026.94153,-327.69186,59.79969,1067.62915,-443.94342,-103.82037,1030.66284,-453.72656,20.48678,1040.08118,-496.41974,-120.09805,932.76215
1125,9.367,-304.57953,-141.10925,1027.15088,-327.69186,59.79969,1067.62915,-443.85892,-103.87191,1030.75098,-453.96954,20.54145,1040.49707,-496.3244,-120.00729,932.92938
1126,9.375,-304.57953,-141.10925,1027.15088,-327.69186,59.79969,1067.62915,-443.64282,-103.89223,1030.68738,-453.41495,20.51927,1040.38818,-496.44791,-119.60713,932.95068
1127,9.383,-304.57953,-141.10925,1027.15088,-327.69186,59.79969,1067.62915,-443.82733,-103.75769,1030.82739,-453.77823,20.63656,1040.21924,-496.48807,-119.41475,932.80255
1128,9.392,-304.2319,-141.06552,1027.12952,-327.69186,59.79969,1067.62915,-443.89047,-103.7198,1030.76318,-453.77823,20.63656,1040.21924,-496.33835,-119.67837,933.00299
1129,9.4,-304.2319,-141.06552,1027.12952,-327.69186,59.79969,1067.62915,-443.65906,-103.67372,1030.79211,-453.83578,20.79935,1040.28955,-496.33835,-119.67837,933.00299
1130,9.408,-304.2319,-141.06552,1027.12952,-327.69186,59.79969,1067.62915,-443.36221,-103.71976,1030.82202,-453.78415,20.64955,1040.15149,-496.33835,-119.67837,933.00299
1131,9.417,-304.02295,-140.91855,1027.20422,-327.69186,59.79969,1067.62915,-443.65906,-103.67372,1030.79211,-453.47247,20.68204,1040.4585,-496.33835,-119.67837,933.00299
1132,9.425,-303.73672,-140.9628,1027.0719,-327.69186,59.79969,1067.62915,-443.44293,-103.69398,1030.72852,-453.51041,20.87078,1040.62097,-496.40857,-119.53481,933.22174
1133,9.433,-303.73672,-140.9628,1027.0719,-327.69186,59.79969,1067.62915,-443.36221,-103.71976,1030.82202,-453.79956,21.00457,1040.53516,-496.33835,-119.67837,933.00299
1134,9.442,-303.73672,-140.9628,1027.0719,-327.69186,59.79969,1067.62915,-443.36221,-103.71976,1030.82202,-453.43622,20.88729,1040.7041,-496.40857,-119.53481,933.22174
1135,9.45,-303.73672,-140.9628,1027.0719,-327.69186,59.79969,1067.62915,-443.36221,-103.71976,1030.82202,-453.3287,20.35279,1040.34241,-496.33835,-119.67837,933.00299
1136,9.458,-303.94565,-141.10976,1026.99719,-327.69186,59.79969,1067.62915,-443.44293,-103.69398,1030.72852,-453.36331,20.36948,1040.25,-496.33835,-119.67837,933.00299
1137,9.467,-303.85806,-141.07344,1026.75525,-327.69186,59.79969,1067.62915,-443.36221,-103.71976,1030.82202,-453.31442,20.50654,1040.47388,-496.33835,-119.67837,933.00299
1138,9.475,-303.57236,-140.73058,1026.9054,-327.69186,59.79969,1067.62915,-443.36221,-103.71976,1030.82202,-453.3287,20.35279,1040.34241,-496.33835,-119.67837,933.00299
1139,9.483,-303.81531,-140.91194,1026.83899,-327.69186,59.79969,1067.62915,-443.44293,-103.69398,1030.72852,-453.00583,20.18233,1040.15771,-496.33835,-119.67837,933.00299
1140,9.492,-303.59067,-141.02689,1026.8761,-327.69186,59.79969,1067.62915,-443.46277,-103.6749,1030.56714,-453.24774,20.03272,1040.33484,-496.3244,-120.00729,932.92938
1141,9.5,-303.81531,-140.91194,1026.83899,-327.69186,59.79969,1067.62915,-443.47455,-103.80822,1030.65198,-453.27707,20.20302,1040.20422,-496.1972,-120.2055,932.89783
1142,9.508,-303.81531,-140.91194,1026.83899,-327.69186,59.79969,1067.62915,-443.60233,-103.59084,1030.54663,-453.64032,20.32027,1040.0354,-496.24924,-119.98344,932.77393
1143,9.517,-303.81531,-140.91194,1026.83899,-327.69186,59.79969,1067.62915,-443.60233,-103.59084,1030.54663,-453.77823,20.63656,1040.21924,-496.23953,-119.76704,932.7691
1144,9.525,-303.81531,-140.91194,1026.83899,-327.69186,59.79969,1067.62915,-443.47455,-103.80822,1030.65198,-453.69199,20.47004,1040.17346,-496.32074,-119.80539,932.91913
1145,9.533,-303.85367,-140.88252,1026.60339,-327.69186,59.79969,1067.62915,-443.47455,-103.80822,1030.65198,-453.27707,20.20302,1040.20422,-496.0596,-120.30837,932.7038
1146,9.542,-303.34775,-140.84554,1026.9425,-327.69186,59.79969,1067.62915,-443.46277,-103.6749,1030.56714,-453.64032,20.32027,1040.0354,-496.1279,-120.13744,932.77203
1147,9.55,-303.57236,-140.73058,1026.9054,-327.69186,59.79969,1067.62915,-443.46277,-103.6749,1030.56714,-453.64032,20.32027,1040.0354,-496.07587,-120.35948,932.89594
1148,9.558,-303.85806,-141.07344,1026.75525,-327.69186,59.79969,1067.62915,-443.60233,-103.59084,1030.54663,-453.64032,20.32027,1040.0354,-496.07587,-120.35948,932.89594
1149,9.567,-303.59067,-141.02689,1026.8761,-327.69186,59.79969,1067.62915,-443.46277,-103.6749,1030.56714,-453.64032,20.32027,1040.0354,-496.07587,-120.35948,932.89594
1150,9.575,-303.57236,-140.73058,1026.9054,-327.69186,59.79969,1067.62915,-443.43115,-103.56068,1030.64368,-453.64032,20.32027,1040.0354,-496.07587,-120.35948,932.89594
1151,9.583,-303.34775,-140.84554,1026.9425,-327.69186,59.79969,1067.62915,-443.43115,-103.56068,1030.64368,-453.64032,20.32027,1040.0354,-496.1279,-120.13744,932.77203
1152,9.592,-303.3905,-141.00708,1026.85864,-327.69186,59.79969,1067.62915,-443.47455,-103.80822,1030.65198,-453.64032,20.32027,1040.0354,-495.92484,-120.12234,932.61078
1153,9.6,-303.50824,-141.16808,1026.62463,-327.69186,59.79969,1067.62915,-443.36221,-103.71976,1030.82202,-453.00583,20.18233,1040.15771,-496.1994,-119.9594,932.91724
1154,9.608,-303.40356,-140.7718,1026.7041,-327.69186,59.79969,1067.62915,-443.43115,-103.56068,1030.64368,-453.00583,20.18233,1040.15771,-496.00098,-119.82064,932.8501
1155,9.617,-303.27841,-140.75145,1026.5365,-327.69186,59.79969,1067.62915,-443.43115,-103.56068,1030.64368,-453.17892,20.16463,1040.26807,-495.87283,-120.34441,932.73468
1156,9.625,-303.53912,-141.08537,1026.41174,-327.69186,59.79969,1067.62915,-443.43115,-103.56068,1030.64368,-453.51285,20.11149,1040.22974,-495.87747,-120.22076,932.82886
1157,9.633,-303.53473,-140.89444,1026.25989,-327.69186,59.79969,1067.62915,-443.4993,-103.37014,1030.3396,-453.1651,20.23837,1040.073,-496.26196,-120.13205,932.82202
1158,9.642,-303.65991,-140.91479,1026.42749,-327.69186,59.79969,1067.62915,-443.48669,-103.45651,1030.5575,-453.54218,20.28182,1040.09912,-496.07587,-120.35948,932.89594
1159,9.65,-303.53912,-141.08537,1026.41174,-327.69186,59.79969,1067.62915,-443.60315,-103.37112,1030.2439,-452.95929,20.29373,1040.35962,-496.04108,-119.62825,932.70197
1160,9.658,-303.53473,-140.89444,1026.25989,-327.69186,59.79969,1067.62915,-443.46277,-103.6749,1030.56714,-452.95929,20.29373,1040.35962,-496.04108,-119.62825,932.70197
1161,9.667,-303.53473,-140.89444,1026.25989,-327.69186,59.79969,1067.62915,-443.3273,-103.55966,1030.73938,-452.90768,20.14396,1040.22144,-496.03647,-119.75195,932.60779
1162,9.675,-303.53912,-141.08537,1026.41174,-327.69186,59.79969,1067.62915,-443.35892,-103.6739,1030.66284,-452.90768,20.14396,1040.22144,-495.96313,-119.96669,932.50348
1163,9.683,-303.49197,-140.73293,1026.34375,-327.69186,59.79969,1067.62915,-443.43115,-103.56068,1030.64368,-452.92007,20.22995,1040.14404,-495.87283,-120.34441,932.73468
1164,9.692,-303.53473,-140.89444,1026.25989,-327.69186,59.79969,1067.62915,-443.35892,-103.6739,1030.66284,-452.90768,20.14396,1040.22144,-495.87283,-120.34441,932.73468
1165,9.7,-303.53473,-140.89444,1026.25989,-327.69186,59.79969,1067.62915,-443.3273,-103.55966,1030.73938,-452.87836,19.97366,1040.35205,-495.87747,-120.22076,932.82886
1166,9.708,-303.53912,-141.08537,1026.41174,-327.69186,59.79969,1067.62915,-443.3273,-103.55966,1030.73938,-452.90768,20.14396,1040.22144,-495.87283,-120.34441,932.73468
1167,9.717,-303.08322,-140.87143,1026.53308,-327.69186,59.79969,1067.62915,-443.3273,-103.55966,1030.73938,-452.64883,20.20939,1040.09753,-496.1279,-120.13744,932.77203
1168,9.725,-303.12164,-140.84206,1026.29736,-327.69186,59.79969,1067.62915,-443.3273,-103.55966,1030.73938,-452.90768,20.14396,1040.22144,-496.13254,-120.01376,932.86621
1169,9.733,-303.12601,-141.03297,1026.44922,-327.69186,59.79969,1067.62915,-443.36221,-103.71976,1030.82202,-452.64883,20.20939,1040.09753,-496.02673,-120.41647,933.05444
1170,9.742,-303.34393,-141.20534,1026.4082,-327.69186,59.79969,1067.62915,-443.24817,-103.83384,1030.84204,-452.93567,20.11815,1040.55737,-496.02673,-120.41647,933.05444
1171,9.75,-303.25119,-141.05333,1026.61682,-327.69186,59.79969,1067.62915,-443.36221,-103.71976,1030.82202,-452.87836,19.97366,1040.35205,-496.02673,-120.41647,933.05444
1172,9.758,-303.03906,-140.97652,1026.67554,-327.69186,59.79969,1067.62915,-443.16708,-104.12529,1030.90063,-452.61954,20.03905,1040.22815,-495.94714,-120.71622,933.14404
1173,9.767,-302.90952,-140.76524,1026.3562,-327.69186,59.79969,1067.62915,-443.16708,-104.12529,1030.90063,-452.60123,19.98437,1040.22192,-495.94714,-120.71622,933.14404
1174,9.775,-302.91391,-140.95618,1026.50793,-327.69186,59.79969,1067.62915,-443.12219,-104.25414,1030.95618,-452.61954,20.03905,1040.22815,-495.94714,-120.71622,933.14404
1175,9.783,-302.91391,-140.95618,1026.50793,-327.69186,59.79969,1067.62915,-443.07141,-104.17101,1030.95764,-452.87836,19.97366,1040.35205,-496.02673,-120.41647,933.05444
1176,9.792,-302.91391,-140.95618,1026.50793,-327.69186,59.79969,1067.62915,-443.10757,-104.00842,1030.95471,-452.67685,20.18352,1040.43347,-495.82373,-120.40144,932.89319
1177,9.8,-302.91391,-140.95618,1026.50793,-327.69186,59.79969,1067.62915,-443.10757,-104.00842,1030.95471,-452.67685,20.18352,1040.43347,-496.02673,-120.41647,933.05444
1178,9.808,-302.91391,-140.95618,1026.50793,-327.69186,59.79969,1067.62915,-443.02649,-104.29985,1031.01331,-452.87836,19.97366,1040.35205,-495.9425,-120.83986,933.04993
1179,9.817,-302.91391,-140.95618,1026.50793,-327.69186,59.79969,1067.62915,-442.89578,-104.72411,1030.9458,-452.89615,19.87874,1040.60291,-495.9425,-120.83986,933.04993
1180,9.825,-302.91391,-140.95618,1026.50793,-327.69186,59.79969,1067.62915,-442.89578,-104.72411,1030.9458,-452.89615,19.87874,1040.60291,-495.87421,-121.01074,932.98169
1181,9.833,-302.90952,-140.76524,1026.3562,-327.75558,58.77935,1067.44629,-442.89578,-104.72411,1030.9458,-452.89615,19.87874,1040.60291,-495.87421,-121.01074,932.98169
1182,9.842,-302.91391,-140.95618,1026.50793,-327.69186,59.79969,1067.62915,-443.02649,-104.29985,1031.01331,-452.89615,19.87874,1040.60291,-495.87421,-121.01074,932.98169
1183,9.85,-302.91391,-140.95618,1026.50793,-327.69186,59.79969,1067.62915,-443.12219,-104.25414,1030.95618,-452.95343,20.02328,1040.80823,-495.87421,-121.01074,932.98169
1184,9.858,-303.34393,-141.20534,1026.4082,-327.75558,58.77935,1067.44629,-443.12219,-104.25414,1030.95618,-452.93567,20.11815,1040.55737,-495.87421,-121.01074,932.98169
1185,9.867,-302.91391,-140.95618,1026.50793,-327.75558,58.77935,1067.44629,-443.12219,-104.25414,1030.95618,-452.62442,20.01729,1040.70215,-495.87421,-121.01074,932.98169
1186,9.875,-303.12601,-141.03297,1026.44922,-327.69186,59.79969,1067.62915,-443.02649,-104.29985,1031.01331,-452.95343,20.02328,1040.80823,-495.87421,-121.01074,932.98169
1187,9.883,-302.85809,-141.02991,1026.74634,-327.69186,59.79969,1067.62915,-442.99149,-104.67839,1030.88879,-452.89615,19.87874,1040.60291,-495.87421,-121.01074,932.98169
1188,9.892,-303.07016,-141.10672,1026.6875,-327.69186,59.79969,1067.62915,-443.01459,-104.79421,1030.82703,-452.89615,19.87874,1040.60291,-495.87421,-121.01074,932.98169
1189,9.9,-303.07016,-141.10672,1026.6875,-327.69186,59.79969,1067.62915,-443.01459,-104.79421,1030.82703,-452.95343,20.02328,1040.80823,-495.87421,-121.01074,932.98169
1190,9.908,-303.07016,-141.10672,1026.6875,-327.69186,59.79969,1067.62915,-442.99149,-104.67839,1030.88879,-452.95343,20.02328,1040.80823,-495.87421,-121.01074,932.98169
1191,9.917,-303.07016,-141.10672,1026.6875,-327.69186,59.79969,1067.62915,-443.12219,-104.25414,1030.95618,-452.95343,20.02328,1040.80823,-495.87421,-121.01074,932.98169
1192,9.925,-303.43826,-141.30836,1026.78882,-327.69186,59.79969,1067.62915,-443.14529,-104.36996,1030.89441,-452.93567,20.11815,1040.55737,-495.87421,-121.01074,932.98169
1193,9.933,-303.19534,-141.12704,1026.8551,-327.69186,59.79969,1067.62915,-442.99149,-104.67839,1030.88879,-453.22522,19.88439,1040.70898,-495.87421,-121.01074,932.98169
1194,9.942,-303.19534,-141.12704,1026.8551,-327.69186,59.79969,1067.62915,-443.01459,-104.79421,1030.82703,-452.89615,19.87874,1040.60291,-495.87421,-121.01074,932.98169
1195,9.95,-303.19534,-141.12704,1026.8551,-327.75558,58.77935,1067.44629,-443.01459,-104.79421,1030.82703,-452.95343,20.02328,1040.80823,-495.87421,-121.01074,932.98169
1196,9.958,-303.35971,-141.35919,1027.02161,-327.69186,59.79969,1067.62915,-443.14529,-104.36996,1030.89441,-453.28253,20.02896,1040.91418,-495.87421,-121.01074,932.98169
1197,9.967,-303.56863,-141.50612,1026.9469,-327.69186,59.79969,1067.62915,-443.12219,-104.25414,1030.95618,-453.28253,20.02896,1040.91418,-495.87421,-121.01074,932.98169
1198,9.975,-303.56863,-141.50612,1026.9469,-327.69186,59.79969,1067.62915,-443.1987,-104.23952,1030.8241,-453.20691,20.13885,1040.604,-495.87421,-121.01074,932.98169
1199,9.983,-303.35971,-141.35919,1027.02161,-327.75558,58.77935,1067.44629,-443.31274,-104.12546,1030.8042,-453.20691,20.13885,1040.604,-495.87421,-121.01074,932.98169
1200,9.992,-303.56863,-141.50612,1026.9469,-327.75558,58.77935,1067.44629,-443.23621,-104.14008,1030.93628,-453.1496,19.99434,1040.39868,-495.87421,-121.01074,932.98169
1201,10,-303.56863,-141.50612,1026.9469,-327.69186,59.79969,1067.62915,-443.31274,-104.12546,1030.8042,-453.20691,20.13885,1040.604,-495.87421,-121.01074,932.98169
1202,10.008,-303.43826,-141.30836,1026.78882,-327.75558,58.77935,1067.44629,-443.31274,-104.12546,1030.8042,-452.93567,20.11815,1040.55737,-495.87421,-121.01074,932.98169
1203,10.017,-303.35971,-141.35919,1027.02161,-327.69186,59.79969,1067.62915,-443.31274,-104.12546,1030.8042,-453.1496,19.99434,1040.39868,-495.87421,-121.01074,932.98169
1204,10.025,-303.35971,-141.35919,1027.02161,-328.0079,59.4752,1067.80469,-443.28113,-104.01123,1030.88062,-453.28253,20.02896,1040.91418,-495.87421,-121.01074,932.98169
1205,10.033,-303.76379,-141.38618,1026.95044,-328.0079,59.4752,1067.80469,-443.28113,-104.01123,1030.88062,-453.20691,20.13885,1040.604,-495.87421,-121.01074,932.98169
1206,10.042,-303.69553,-141.65306,1026.98181,-328.0079,59.4752,1067.80469,-443.36221,-103.71976,1030.82202,-453.20691,20.13885,1040.604,-495.9538,-120.71104,932.89209
1207,10.05,-303.76379,-141.38618,1026.95044,-328.0079,59.4752,1067.80469,-443.36221,-103.71976,1030.82202,-452.95343,20.02328,1040.80823,-496.02209,-120.54014,932.96027
1208,10.058,-303.29147,-141.6261,1027.05298,-328.0079,59.4752,1067.80469,-443.28113,-104.01123,1030.88062,-453.20691,20.13885,1040.604,-495.9538,-120.71104,932.89209
1209,10.067,-303.69553,-141.65306,1026.98181,-328.0079,59.4752,1067.80469,-443.36221,-103.71976,1030.82202,-452.93567,20.11815,1040.55737,-496.02209,-120.54014,932.96027
1210,10.075,-303.69553,-141.65306,1026.98181,-328.0079,59.4752,1067.80469,-443.28113,-104.01123,1030.88062,-453.24481,20.32752,1040.76648,-496.02209,-120.54014,932.96027
1211,10.083,-303.69553,-141.65306,1026.98181,-327.83459,59.94897,1068.14624,-443.28113,-104.01123,1030.88062,-453.24481,20.32752,1040.76648,-495.9425,-120.83986,933.04993
1212,10.092,-303.45602,-141.33292,1027.12756,-327.83459,59.94897,1068.14624,-443.28113,-104.01123,1030.88062,-453.24481,20.32752,1040.76648,-496.02673,-120.41647,933.05444
1213,10.1,-303.51208,-141.07773,1027.10889,-327.83459,59.94897,1068.14624,-443.36221,-103.71976,1030.82202,-453.20691,20.13885,1040.604,-496.02209,-120.54014,932.96027
1214,10.108,-303.55487,-141.23924,1027.02515,-327.83459,59.94897,1068.14624,-443.36221,-103.71976,1030.82202,-453.24481,20.32752,1040.76648,-496.02209,-120.54014,932.96027
1215,10.117,-303.51208,-141.07773,1027.10889,-327.83459,59.94897,1068.14624,-443.36221,-103.71976,1030.82202,-452.99133,20.21195,1040.9707,-496.02673,-120.41647,933.05444
1216,10.125,-303.51208,-141.07773,1027.10889,-327.83459,59.94897,1068.14624,-443.36221,-103.71976,1030.82202,-453.28253,20.02896,1040.91418,-496.02673,-120.41647,933.05444
1217,10.133,-303.51208,-141.07773,1027.10889,-327.83459,59.94897,1068.14624,-443.28113,-104.01123,1030.88062,-453.24481,20.32752,1040.76648,-495.9425,-120.83986,933.04993
1218,10.142,-303.51208,-141.07773,1027.10889,-328.0079,59.4752,1067.80469,-443.36221,-103.71976,1030.82202,-452.97357,20.30679,1040.71985,-496.02673,-120.41647,933.05444
1219,10.15,-303.34775,-140.84554,1026.9425,-327.83459,59.94897,1068.14624,-443.36221,-103.71976,1030.82202,-453.20691,20.13885,1040.604,-496.02209,-120.54014,932.96027
1220,10.158,-303.34775,-140.84554,1026.9425,-327.83459,59.94897,1068.14624,-443.52161,-103.61663,1030.64026,-453.57019,20.25598,1040.43506,-496.02209,-120.54014,932.96027
1221,10.167,-303.13565,-140.76871,1027.00122,-328.0079,59.4752,1067.80469,-443.36221,-103.71976,1030.82202,-453.20691,20.13885,1040.604,-496.08051,-120.23581,932.99011
1222,10.175,-303.13565,-140.76871,1027.00122,-327.83459,59.94897,1068.14624,-443.36221,-103.71976,1030.82202,-453.55078,20.30013,1040.39221,-496.02673,-120.41647,933.05444
1223,10.183,-303.29999,-141.00093,1027.16772,-327.83459,59.94897,1068.14624,-443.36221,-103.71976,1030.82202,-453.20691,20.13885,1040.604,-496.07587,-120.35948,932.89594
1224,10.192,-303.29999,-141.00093,1027.16772,-327.83459,59.94897,1068.14624,-443.36221,-103.71976,1030.82202,-453.20691,20.13885,1040.604,-496.08051,-120.23581,932.99011
1225,10.2,-303.29999,-141.00093,1027.16772,-327.83459,59.94897,1068.14624,-443.36221,-103.71976,1030.82202,-453.24481,20.32752,1040.76648,-496.08051,-120.23581,932.99011
1226,10.208,-303.13565,-140.76871,1027.00122,-327.83459,59.94897,1068.14624,-443.36221,-103.71976,1030.82202,-452.97357,20.30679,1040.71985,-496.02673,-120.41647,933.05444
1227,10.217,-303.13565,-140.76871,1027.00122,-327.83459,59.94897,1068.14624,-443.33801,-103.50748,1030.90027,-453.32867,20.51967,1040.83411,-496.02673,-120.41647,933.05444
1228,10.225,-303.13565,-140.76871,1027.00122,-327.51852,60.27344,1067.9707,-443.33801,-103.50748,1030.90027,-452.69733,20.62442,1040.76794,-496.1503,-120.01636,933.07568
1229,10.233,-303.13565,-140.76871,1027.00122,-327.51852,60.27344,1067.9707,-443.33801,-103.50748,1030.90027,-453.15057,20.5354,1040.85535,-496.1503,-120.01636,933.07568
1230,10.242,-303.13565,-140.76871,1027.00122,-327.30154,60.08294,1068.66174,-443.33801,-103.50748,1030.90027,-453.05249,20.83725,1040.8822,-496.1503,-120.01636,933.07568
1231,10.25,-303.13565,-140.76871,1027.00122,-327.30154,60.08294,1068.66174,-443.33801,-103.50748,1030.90027,-452.69733,20.62442,1040.76794,-496.1503,-120.01636,933.07568
1232,10.258,-303.29999,-141.00093,1027.16772,-327.51852,60.27344,1067.9707,-443.33801,-103.50748,1030.90027,-452.78116,20.81659,1040.83569,-496.05484,-119.83372,933.22083
1233,10.267,-303.13565,-140.76871,1027.00122,-327.51852,60.27344,1067.9707,-443.33801,-103.50748,1030.90027,-452.42014,20.63515,1040.63782,-496.04486,-119.27042,933.44122
1234,10.275,-303.13565,-140.76871,1027.00122,-327.51852,60.27344,1067.9707,-443.33801,-103.50748,1030.90027,-452.42014,20.63515,1040.63782,-495.99112,-119.4511,933.50555
1235,10.283,-303.13565,-140.76871,1027.00122,-327.05762,60.47078,1068.25574,-443.34589,-103.5186,1031.0332,-452.71512,20.52952,1041.0188,-495.99112,-119.4511,933.50555
1236,10.292,-303.13565,-140.76871,1027.00122,-327.51852,60.27344,1067.9707,-443.34589,-103.5186,1031.0332,-452.38602,20.52361,1040.91272,-495.99112,-119.4511,933.50555
1237,10.3,-303.13565,-140.76871,1027.00122,-327.51852,60.27344,1067.9707,-443.19693,-103.47259,1030.97046,-452.38602,20.52361,1040.91272,-496.00735,-119.54037,933.75262
1238,10.308,-303.13565,-140.76871,1027.00122,-327.51852,60.27344,1067.9707,-443.23184,-103.63269,1031.05322,-452.42014,20.63515,1040.63782,-496.00735,-119.54037,933.75262
1239,10.317,-303.13565,-140.76871,1027.00122,-327.51852,60.27344,1067.9707,-443.25278,-103.55448,1031.09558,-452.38602,20.52361,1040.91272,-496.00735,-119.54037,933.75262
1240,10.325,-303.13565,-140.76871,1027.00122,-327.51852,60.27344,1067.9707,-443.16409,-103.38213,1031.22815,-452.38602,20.52361,1040.91272,-495.99112,-119.4511,933.50555
1241,10.333,-303.13565,-140.76871,1027.00122,-327.51852,60.27344,1067.9707,-443.01254,-103.34598,1031.16016,-452.06125,21.08748,1040.96216,-496.00735,-119.54037,933.75262
1242,10.342,-303.13565,-140.76871,1027.00122,-327.51852,60.27344,1067.9707,-443.01254,-103.34598,1031.16016,-452.38602,20.52361,1040.91272,-496.00735,-119.54037,933.75262
1243,10.35,-303.13565,-140.76871,1027.00122,-327.51852,60.27344,1067.9707,-443.10123,-103.51832,1031.02747,-452.42014,20.63515,1040.63782,-496.00735,-119.54037,933.75262
1244,10.358,-303.13565,-140.76871,1027.00122,-327.05762,60.47078,1068.25574,-443.03397,-103.53977,1031.10547,-452.38602,20.52361,1040.91272,-496.00735,-119.54037,933.75262
1245,10.367,-303.13565,-140.76871,1027.00122,-327.51852,60.27344,1067.9707,-442.89694,-103.21155,1031.17102,-452.38602,20.52361,1040.91272,-496.00735,-119.54037,933.75262
1246,10.375,-303.13565,-140.76871,1027.00122,-327.51852,60.27344,1067.9707,-442.98566,-103.38386,1031.03833,-451.91333,20.40354,1041.04614,-496.00735,-119.54037,933.75262
1247,10.383,-302.83719,-140.71442,1027.03064,-327.05762,60.47078,1068.25574,-442.89694,-103.21155,1031.17102,-451.78656,20.50544,1041.29773,-496.00735,-119.54037,933.75262
1248,10.392,-302.83719,-140.71442,1027.03064,-326.72452,60.81138,1068.81165,-442.9537,-103.45179,1031.46118,-451.43317,20.92783,1041.28674,-495.94888,-119.54417,933.85828
1249,10.4,-302.94049,-140.88869,1026.9978,-326.96838,60.42351,1069.21741,-442.94528,-103.36745,1031.23804,-451.66898,20.5726,1041.37537,-496.00735,-119.54037,933.75262
1250,10.408,-302.94049,-140.88869,1026.9978,-326.96838,60.42351,1069.21741,-442.92053,-103.478,1031.34082,-451.59473,20.58919,1041.45862,-496.18246,-119.46635,933.90607
1251,10.417,-303.10486,-141.12088,1027.16418,-326.6123,60.28175,1069.34851,-442.85428,-103.7228,1031.41174,-451.59473,20.58919,1041.45862,-495.79865,-120.07253,933.93573
1252,10.425,-302.99832,-141.1272,1027.35864,-326.6123,60.28175,1069.34851,-442.58328,-103.78768,1031.59094,-451.50195,20.49015,1041.27966,-495.79547,-120.15308,934.10736
1253,10.433,-302.89502,-140.95294,1027.39148,-326.6123,60.28175,1069.34851,-442.75839,-103.86138,1031.55542,-451.41272,20.69885,1041.41785,-495.66476,-119.83376,934.00183
1254,10.442,-303.07263,-141.18231,1027.53906,-326.6123,60.28175,1069.34851,-442.76678,-103.94563,1031.77844,-451.25519,20.85318,1041.47766,-495.66159,-119.91432,934.17346
1255,10.45,-302.96933,-141.00807,1027.5719,-326.07928,60.41615,1069.86426,-442.58643,-104.05128,1031.95508,-451.01932,21.20838,1041.38892,-495.57489,-119.6133,934.30414
1256,10.458,-302.99832,-141.1272,1027.35864,-326.6123,60.28175,1069.34851,-442.03149,-104.22797,1032.1134,-451.01932,21.20838,1041.38892,-495.45541,-120.02,934.33173
1257,10.467,-302.88965,-141.14276,1027.44788,-326.07928,60.41615,1069.86426,-442.03149,-104.22797,1032.1134,-451.41272,20.69885,1041.41785,-495.07318,-120.30491,934.09717
1258,10.475,-302.99832,-141.1272,1027.35864,-326.07928,60.41615,1069.86426,-442.03149,-104.22797,1032.1134,-451.50195,20.49015,1041.27966,-495.07318,-120.30491,934.09717
1259,10.483,-302.83926,-140.91666,1027.22498,-326.07928,60.41615,1069.86426,-442.03149,-104.22797,1032.1134,-451.50195,20.49015,1041.27966,-495.07318,-120.30491,934.09717
1260,10.492,-302.88965,-141.14276,1027.44788,-326.07928,60.41615,1069.86426,-442.59897,-103.96451,1031.7373,-451.68393,20.38049,1041.32043,-495.56757,-120.19087,934.08838
1261,10.5,-302.57434,-140.89174,1027.53955,-326.07928,60.41615,1069.86426,-442.59897,-103.96451,1031.7373,-451.68393,20.38049,1041.32043,-495.34113,-120.18496,933.93781
1262,10.508,-302.73026,-141.30566,1027.43604,-326.07928,60.41615,1069.86426,-442.38995,-103.99521,1031.70435,-451.75818,20.3639,1041.2373,-495.06018,-120.2839,933.93994
1263,10.517,-302.94226,-141.3824,1027.3772,-326.39578,60.09218,1070.04016,-442.17786,-104.08131,1031.72253,-451.68393,20.38049,1041.32043,-495.32813,-120.16393,933.78058
1264,10.525,-302.62158,-141.32124,1027.52527,-326.39578,60.09218,1070.04016,-442.12689,-104.091,1031.81067,-451.75818,20.3639,1041.2373,-495.06018,-120.2839,933.93994
1265,10.533,-302.73026,-141.30566,1027.43604,-326.39578,60.09218,1070.04016,-442.34573,-104.09874,1031.94861,-451.75818,20.3639,1041.2373,-495.06018,-120.2839,933.93994
1266,10.542,-302.83359,-141.39798,1027.46655,-326.39578,60.09218,1070.04016,-442.17133,-104.39069,1031.89258,-451.68393,20.38049,1041.32043,-495.32813,-120.16393,933.78058
1267,10.55,-302.83359,-141.39798,1027.46655,-326.39578,60.09218,1070.04016,-442.26669,-104.25368,1031.58997,-451.66324,20.23618,1041.28882,-495.06018,-120.2839,933.93994
1268,10.558,-302.66095,-141.46921,1027.52563,-326.39578,60.09218,1070.04016,-442.09763,-104.43598,1031.83521,-451.66324,20.23618,1041.28882,-495.04727,-120.26301,933.78265
1269,10.567,-302.66095,-141.46921,1027.52563,-326.52277,59.9885,1070.3844,-442.12689,-104.091,1031.81067,-451.49982,20.46148,1041.51013,-495.06018,-120.2839,933.93994
1270,10.575,-302.66095,-141.46921,1027.52563,-326.94861,59.96551,1070.71643,-441.86456,-103.93373,1031.60449,-451.49411,20.12518,1041.42346,-495.06018,-120.2839,933.93994
1271,10.583,-302.66095,-141.46921,1027.52563,-326.75925,59.68411,1070.948,-442.0412,-104.23804,1031.77661,-451.40704,20.36242,1041.33118,-495.06018,-120.2839,933.93994
1272,10.592,-302.73529,-141.52431,1027.70605,-326.33337,59.70709,1070.61609,-441.97662,-104.87023,1031.43103,-451.49411,20.12518,1041.42346,-495.04727,-120.26301,933.78265
1273,10.6,-302.66095,-141.46921,1027.52563,-326.75925,59.68411,1070.948,-441.97662,-104.87023,1031.43103,-451.31213,20.23484,1041.38281,-495.04727,-120.26301,933.78265
1274,10.608,-302.66095,-141.46921,1027.52563,-326.33337,59.70709,1070.61609,-441.90884,-104.70813,1031.34229,-451.18521,19.75963,1041.3042,-494.98282,-120.46146,933.87537
1275,10.617,-302.59335,-141.7196,1027.58813,-326.33337,59.70709,1070.61609,-441.77509,-104.82467,1031.57227,-450.93842,20.12272,1041.5022,-495.06018,-120.2839,933.93994
1276,10.625,-302.66095,-141.46921,1027.52563,-326.33337,59.70709,1070.61609,-441.54742,-104.53004,1031.48828,-450.93842,20.12272,1041.5022,-494.98282,-120.46146,933.87537
1277,10.633,-302.66095,-141.46921,1027.52563,-326.33337,59.70709,1070.61609,-441.77509,-104.82467,1031.57227,-450.83057,20.0367,1041.36804,-494.61215,-120.5472,933.88196
1278,10.642,-302.66095,-141.46921,1027.52563,-326.33337,59.70709,1070.61609,-441.77509,-104.82467,1031.57227,-450.83057,20.0367,1041.36804,-494.59921,-120.52631,933.72467
1279,10.65,-302.44894,-141.39246,1027.58447,-326.39703,58.68682,1070.43372,-441.67975,-104.96159,1031.87488,-451.02765,19.91401,1041.36401,-494.59921,-120.52631,933.72467
1280,10.658,-302.44894,-141.39246,1027.58447,-326.33337,59.70709,1070.61609,-441.77509,-104.82467,1031.57227,-450.83057,20.0367,1041.36804,-494.98282,-120.46146,933.87537
1281,10.667,-302.44894,-141.39246,1027.58447,-326.33337,59.70709,1070.61609,-441.77509,-104.82467,1031.57227,-450.83057,20.0367,1041.36804,-494.48126,-120.64474,933.74115
1282,10.675,-302.10483,-141.19829,1027.09131,-325.77136,58.59211,1070.27307,-441.77509,-104.82467,1031.57227,-450.83057,20.0367,1041.36804,-494.85193,-120.55907,933.73456
1283,10.683,-302.39105,-141.15404,1027.22363,-325.77136,58.59211,1070.27307,-441.54742,-104.53004,1031.48828,-450.83057,20.0367,1041.36804,-494.83899,-120.53815,933.57727
1284,10.692,-302.10483,-141.19829,1027.09131,-325.77136,58.59211,1070.27307,-441.54742,-104.53004,1031.48828,-450.83057,20.0367,1041.36804,-494.83899,-120.53815,933.57727
1285,10.7,-302.39105,-141.15404,1027.22363,-325.77136,58.59211,1070.27307,-441.77509,-104.82467,1031.57227,-450.83057,20.0367,1041.36804,-494.617,-120.50687,933.36182
1286,10.708,-302.10483,-141.19829,1027.09131,-326.39703,58.68682,1070.43372,-441.77509,-104.82467,1031.57227,-450.91977,19.82799,1041.22998,-494.46832,-120.62382,933.58386
1287,10.717,-302.10483,-141.19829,1027.09131,-325.58893,58.67385,1069.94934,-441.86392,-104.99706,1031.4397,-450.91977,19.82799,1041.22998,-494.46832,-120.62382,933.58386
1288,10.725,-302.00366,-141.22623,1027.31848,-325.58893,58.67385,1069.94934,-441.77509,-104.82467,1031.57227,-450.83057,20.0367,1041.36804,-494.46832,-120.62382,933.58386
1289,10.733,-302.00366,-141.22623,1027.31848,-325.58893,58.67385,1069.94934,-441.45206,-104.66698,1031.79089,-450.80402,19.99536,1041.20996,-494.46832,-120.62382,933.58386
1290,10.742,-302.00366,-141.22623,1027.31848,-326.39578,60.09218,1070.04016,-441.48068,-104.36296,1031.43005,-450.59464,20.39199,1041.27942,-494.46832,-120.62382,933.58386
1291,10.75,-302.10483,-141.19829,1027.09131,-325.58893,58.67385,1069.94934,-441.48068,-104.36296,1031.43005,-450.83057,20.0367,1041.36804,-494.48126,-120.64474,933.74115
1292,10.758,-302.10483,-141.19829,1027.09131,-325.58893,58.67385,1069.94934,-441.70834,-104.65754,1031.51404,-450.83057,20.0367,1041.36804,-494.85193,-120.55907,933.73456
1293,10.767,-302.10483,-141.19829,1027.09131,-325.58893,58.67385,1069.94934,-441.6907,-104.6512,1031.65015,-450.83057,20.0367,1041.36804,-494.98282,-120.46146,933.87537
1294,10.775,-302.10483,-141.19829,1027.09131,-325.27234,58.99798,1069.77344,-441.70834,-104.65754,1031.51404,-450.83057,20.0367,1041.36804,-494.85193,-120.55907,933.73456
1295,10.783,-302.10483,-141.19829,1027.09131,-325.20901,60.01798,1069.95593,-441.52863,-104.621,1031.89453,-450.68423,20.01679,1041.25696,-494.55862,-120.46723,933.80573
1296,10.792,-302.10483,-141.19829,1027.09131,-325.27234,58.99798,1069.77344,-441.39627,-104.18947,1031.50793,-450.4483,20.37209,1041.16821,-494.48126,-120.64474,933.74115
1297,10.8,-302.10483,-141.19829,1027.09131,-325.20901,60.01798,1069.95593,-441.3009,-104.32643,1031.81055,-450.45679,21.08551,1041.33948,-494.86493,-120.58009,933.89185
1298,10.808,-302.10483,-141.19829,1027.09131,-325.39844,60.29943,1069.72412,-441.35425,-104.19879,1031.99878,-450.45679,21.08551,1041.33948,-494.49429,-120.66576,933.89844
1299,10.817,-302.10483,-141.19829,1027.09131,-324.81369,58.45991,1069.13293,-441.3009,-104.32643,1031.81055,-450.32983,20.6104,1041.26099,-494.61215,-120.5472,933.88196
1300,10.825,-302.10483,-141.19829,1027.09131,-324.81369,58.45991,1069.13293,-440.98102,-104.3993,1031.82666,-450.68423,20.01679,1041.25696,-494.70251,-120.39069,934.10376
1301,10.833,-302.10483,-141.19829,1027.09131,-324.22968,58.42043,1068.85938,-441.2088,-104.69391,1031.91064,-450.68423,20.01679,1041.25696,-494.62515,-120.56821,934.03918
1302,10.842,-302.10483,-141.19829,1027.09131,-324.81369,58.45991,1069.13293,-441.08441,-104.53812,1031.95288,-450.68423,20.01679,1041.25696,-494.62515,-120.56821,934.03918
1303,10.85,-302.00156,-141.02403,1027.12427,-324.16632,59.44061,1069.04199,-441.03436,-104.27168,1032.01477,-450.57526,20.84722,1041.2467,-494.99582,-120.48248,934.03259
1304,10.858,-302.00156,-141.02403,1027.12427,-324.75015,59.48013,1069.31555,-441.35425,-104.19879,1031.99878,-450.45679,21.08551,1041.33948,-494.99582,-120.48248,934.03259
1305,10.867,-302.05756,-140.76872,1027.10559,-324.75015,59.48013,1069.31555,-441.3009,-104.32643,1031.81055,-450.45679,21.08551,1041.33948,-494.98282,-120.46146,933.87537
1306,10.875,-302.05756,-140.76872,1027.10559,-324.75015,59.48013,1069.31555,-441.3009,-104.32643,1031.81055,-450.72162,20.86713,1041.35791,-494.99582,-120.48248,934.03259
1307,10.883,-302.05756,-140.76872,1027.10559,-325.0834,59.1394,1068.75964,-441.58194,-104.49337,1032.08264,-450.95749,20.51186,1041.44653,-494.99582,-120.48248,934.03259
1308,10.892,-302.05756,-140.76872,1027.10559,-324.75015,59.48013,1069.31555,-441.58194,-104.49337,1032.08264,-450.95749,20.51186,1041.44653,-495.07318,-120.30491,934.09717
1309,10.9,-302.05756,-140.76872,1027.10559,-325.61627,59.00485,1068.24353,-441.3009,-104.32643,1031.81055,-450.95749,20.51186,1041.44653,-495.07318,-120.30491,934.09717
1310,10.908,-302.34381,-140.72447,1027.23792,-325.93146,60.16512,1069.20837,-441.3009,-104.32643,1031.81055,-450.72162,20.86713,1041.35791,-495.07318,-120.30491,934.09717
1311,10.917,-302.34381,-140.72447,1027.23792,-325.39844,60.29943,1069.72412,-441.3009,-104.32643,1031.81055,-450.8295,20.95317,1041.49194,-495.07318,-120.30491,934.09717
1312,10.925,-302.34381,-140.72447,1027.23792,-325.39844,60.29943,1069.72412,-441.45432,-103.86659,1032.02368,-450.8295,20.95317,1041.49194,-495.06018,-120.2839,933.93994
1313,10.933,-302.24265,-140.7524,1027.46509,-325.93146,60.16512,1069.20837,-441.45432,-103.86659,1032.02368,-450.71106,21.19145,1041.58472,-495.07318,-120.30491,934.09717
1314,10.942,-302.34381,-140.72447,1027.23792,-325.93146,60.16512,1069.20837,-441.45432,-103.86659,1032.02368,-450.8295,20.95317,1041.49194,-495.07318,-120.30491,934.09717
1315,10.95,-302.34381,-140.72447,1027.23792,-325.93146,60.16512,1069.20837,-441.61044,-104.47104,1031.93481,-451.06537,20.5979,1041.58069,-495.07318,-120.30491,934.09717
1316,10.958,-302.33728,-140.74112,1027.38318,-325.93146,60.16512,1069.20837,-441.72705,-104.34718,1031.92004,-451.06537,20.5979,1041.58069,-495.07318,-120.30491,934.09717
1317,10.967,-302.41531,-140.68115,1027.40601,-325.93146,60.16512,1069.20837,-441.56705,-103.73976,1032.01501,-450.8295,20.95317,1041.49194,-495.07318,-120.30491,934.09717
1318,10.975,-302.62515,-140.63763,1027.08948,-325.68756,60.55304,1068.80249,-441.65274,-103.59272,1032.04907,-450.71106,21.19145,1041.58472,-495.07318,-120.30491,934.09717
1319,10.983,-302.62515,-140.63763,1027.08948,-326.02057,60.21238,1068.24646,-441.56705,-103.73976,1032.01501,-450.50482,21.51785,1041.5415,-495.16718,-120.02838,934.18225
1320,10.992,-302.62515,-140.63763,1027.08948,-326.63654,61.34941,1068.56982,-441.56705,-103.73976,1032.01501,-450.8295,20.95317,1041.49194,-495.06018,-120.2839,933.93994
1321,11,-302.62515,-140.63763,1027.08948,-326.70151,60.32911,1068.38684,-441.63004,-103.62836,1031.90356,-450.92441,21.08071,1041.44043,-495.06018,-120.2839,933.93994
1322,11.008,-302.62515,-140.63763,1027.08948,-325.95581,61.23267,1068.42957,-441.95306,-103.7859,1031.68481,-451.16028,20.72547,1041.52917,-495.06018,-120.2839,933.93994
1323,11.017,-302.62515,-140.63763,1027.08948,-327.16241,60.13184,1068.10181,-441.79916,-103.44603,1031.6582,-451.23654,20.55848,1041.20544,-495.06018,-120.2839,933.93994
1324,11.025,-302.62515,-140.63763,1027.08948,-327.16241,60.13184,1068.10181,-441.95331,-103.26563,1031.17102,-451.01932,21.20838,1041.38892,-495.32813,-120.16393,933.78058
1325,11.033,-302.62515,-140.63763,1027.08948,-327.16241,60.13184,1068.10181,-442.23505,-103.17295,1031.08228,-450.91141,21.12234,1041.25488,-495.32813,-120.16393,933.78058
1326,11.042,-302.62073,-140.44673,1026.93774,-327.45334,61.2939,1068.15381,-442.03772,-103.4392,1031.09314,-451.09357,21.19178,1041.30579,-495.32813,-120.16393,933.78058
1327,11.05,-302.62073,-140.44673,1026.93774,-327.45334,61.2939,1068.15381,-442.08264,-103.31039,1031.03748,-451.09357,21.19178,1041.30579,-495.38663,-120.16012,933.67499
1328,11.058,-302.62515,-140.63763,1027.08948,-327.51852,60.27344,1067.9707,-442.08264,-103.31039,1031.03748,-451.25113,21.03751,1041.24597,-495.11868,-120.28012,933.83429
1329,11.067,-302.62515,-140.63763,1027.08948,-327.45334,61.2939,1068.15381,-442.39127,-103.31349,1031.06299,-451.73132,20.5132,1041.00549,-495.38663,-120.16012,933.67499
1330,11.075,-302.62073,-140.44673,1026.93774,-327.45334,61.2939,1068.15381,-442.76163,-103.39307,1030.84167,-452.0112,20.45472,1040.80298,-495.37369,-120.1392,933.5177
1331,11.083,-302.62073,-140.44673,1026.93774,-327.45334,61.2939,1068.15381,-442.89667,-103.66421,1030.96387,-451.86673,20.67127,1040.6488,-495.37369,-120.1392,933.5177
1332,11.092,-302.62073,-140.44673,1026.93774,-327.45334,61.2939,1068.15381,-442.66162,-102.90595,1030.95386,-451.66025,20.9971,1040.60547,-495.46039,-119.74094,933.17029
1333,11.1,-302.82031,-140.51764,1027.0929,-327.45334,61.2939,1068.15381,-442.66162,-102.90595,1030.95386,-451.54178,21.23524,1040.69824,-495.46039,-119.74094,933.17029
1334,11.108,-302.82031,-140.51764,1027.0929,-327.45334,61.2939,1068.15381,-442.66949,-102.91707,1031.08691,-452.09537,21.19903,1040.68713,-495.65408,-119.19714,933.41028
1335,11.117,-302.93365,-140.41588,1027.15222,-327.35376,62.13761,1068.4519,-442.66949,-102.91707,1031.08691,-452.42014,20.63515,1040.63782,-495.65408,-119.19714,933.41028
1336,11.125,-302.93365,-140.41588,1027.15222,-327.35376,62.13761,1068.4519,-442.88907,-103.20043,1031.03796,-452.44373,20.81083,1040.43994,-495.65408,-119.19714,933.41028
1337,11.133,-302.93365,-140.41588,1027.15222,-327.35376,62.13761,1068.4519,-442.80469,-103.02684,1031.11584,-451.86673,20.67127,1040.6488,-495.65408,-119.19714,933.41028
1338,11.142,-302.92923,-140.22496,1027.00049,-327.35376,62.13761,1068.4519,-442.67291,-103.22074,1030.97424,-451.86673,20.67127,1040.6488,-495.64694,-119.29556,933.66815
1339,11.15,-302.92923,-140.22496,1027.00049,-327.35376,62.13761,1068.4519,-442.57724,-102.73235,1031.03174,-452.11896,21.3747,1040.48938,-495.58389,-119.34068,933.19153
1340,11.158,-302.92923,-140.22496,1027.00049,-327.49167,62.5609,1068.32288,-442.66162,-102.90595,1030.95386,-451.93692,21.48437,1040.44849,-495.65408,-119.19714,933.41028
1341,11.167,-302.92923,-140.22496,1027.00049,-327.49167,62.5609,1068.32288,-442.58514,-102.74346,1031.16479,-451.93692,21.48437,1040.44849,-495.65408,-119.19714,933.41028
1342,11.175,-302.92923,-140.22496,1027.00049,-327.49167,62.5609,1068.32288,-442.57724,-102.73235,1031.03174,-451.93692,21.48437,1040.44849,-495.70779,-119.01642,933.34595
1343,11.183,-302.68024,-139.97231,1026.93933,-327.49167,62.5609,1068.32288,-442.57724,-102.73235,1031.03174,-452.26172,20.92048,1040.39917,-495.70779,-119.01642,933.34595
1344,11.192,-302.68024,-139.97231,1026.93933,-327.49167,62.5609,1068.32288,-442.57724,-102.73235,1031.03174,-452.44373,20.81083,1040.43994,-495.70779,-119.01642,933.34595
1345,11.2,-302.7984,-139.80952,1027.0376,-327.49167,62.5609,1068.32288,-442.57724,-102.73235,1031.03174,-452.42941,21.30469,1040.53467,-495.6376,-119.15996,933.1272
1346,11.208,-302.7984,-139.80952,1027.0376,-327.49167,62.5609,1068.32288,-442.57724,-102.73235,1031.03174,-452.47021,21.4648,1040.48218,-495.70779,-119.01642,933.34595
1347,11.217,-303.03253,-139.42896,1026.99329,-327.63992,63.009,1068.07275,-442.57724,-102.73235,1031.03174,-452.44589,21.68087,1040.47961,-495.70779,-119.01642,933.34595
1348,11.225,-303.03253,-139.42896,1026.99329,-327.63992,63.009,1068.07275,-442.78705,-102.57253,1030.95471,-452.27591,21.76913,1040.4342,-495.6376,-119.15996,933.1272
1349,11.233,-302.78888,-139.24185,1027.04907,-327.63992,63.009,1068.07275,-442.78705,-102.57253,1030.95471,-452.32751,21.91895,1040.57239,-495.6777,-118.96749,932.979
1350,11.242,-303.46176,-139.03609,1026.72302,-327.63992,63.009,1068.07275,-442.87143,-102.74614,1030.87683,-452.74481,21.73043,1040.5094,-495.70779,-119.01642,933.34595
1351,11.25,-303.43433,-138.9399,1026.85425,-327.63992,63.009,1068.07275,-443.01447,-102.86702,1031.03882,-452.78564,21.89057,1040.45703,-496.04526,-118.87413,933.4989
1352,11.258,-303.19064,-138.75276,1026.91003,-327.63992,63.009,1068.07275,-443.01447,-102.86702,1031.03882,-452.69308,21.51525,1040.47058,-495.84213,-118.85907,933.33752
1353,11.267,-303.67154,-138.88194,1026.99451,-328.03711,63.64336,1068.15259,-442.78705,-102.57253,1030.95471,-452.48672,21.84099,1040.42725,-495.97507,-119.01772,933.28015
1354,11.275,-303.77634,-138.80495,1027.13025,-328.03711,63.64336,1068.15259,-442.78705,-102.57253,1030.95471,-452.36838,22.07906,1040.52002,-495.97507,-119.01772,933.28015
1355,11.283,-303.90485,-138.56171,1027.30579,-328.03711,63.64336,1068.15259,-442.78705,-102.57253,1030.95471,-453.116,22.63243,1040.28821,-496.04526,-118.87413,933.4989
1356,11.292,-303.75827,-138.35881,1027.53125,-328.03711,63.64336,1068.15259,-442.79495,-102.58366,1031.08789,-452.46094,22.45435,1040.50635,-496.04526,-118.87413,933.4989
1357,11.3,-303.75827,-138.35881,1027.53125,-328.03711,63.64336,1068.15259,-442.79495,-102.58366,1031.08789,-452.46094,22.45435,1040.50635,-496.04526,-118.87413,933.4989
1358,11.308,-303.66116,-138.37453,1027.36157,-328.03711,63.64336,1068.15259,-442.66266,-102.41667,1030.99695,-452.52518,22.39684,1040.34595,-496.04526,-118.87413,933.4989
1359,11.317,-303.66116,-138.37453,1027.36157,-328.03711,63.64336,1068.15259,-442.66266,-102.41667,1030.99695,-452.78564,21.89057,1040.45703,-496.04526,-118.87413,933.4989
1360,11.325,-303.66116,-138.37453,1027.36157,-328.03711,63.64336,1068.15259,-442.67053,-102.4278,1031.13013,-452.34219,22.61825,1040.51819,-496.02649,-118.72024,933.5614
1361,11.333,-303.66116,-138.37453,1027.36157,-328.121,64.32976,1068.15137,-442.67053,-102.4278,1031.13013,-452.28253,23.00038,1040.50037,-496.02649,-118.72024,933.5614
1362,11.342,-303.79575,-138.25911,1027.42224,-328.121,64.32976,1068.15137,-442.67831,-102.23844,1031.15088,-451.86499,23.4656,1040.37085,-496.02649,-118.72024,933.5614
1363,11.35,-303.89282,-138.24339,1027.59192,-328.121,64.32976,1068.15137,-442.74289,-102.07974,1031.19531,-452.10043,23.11018,1040.45947,-496.02649,-118.72024,933.5614
1364,11.358,-303.79575,-138.25911,1027.42224,-328.121,64.32976,1068.15137,-442.74075,-102.06576,1031.05261,-452.10043,23.11018,1040.45947,-496.02649,-118.72024,933.5614
1365,11.367,-303.64395,-137.99692,1027.54138,-328.121,64.32976,1068.15137,-442.74075,-102.06576,1031.05261,-452.10043,23.11018,1040.45947,-496.02649,-118.72024,933.5614
1366,11.375,-303.54688,-138.01265,1027.3717,-328.121,64.32976,1068.15137,-442.74289,-102.07974,1031.19531,-452.10043,23.11018,1040.45947,-496.02649,-118.72024,933.5614
1367,11.383,-303.54688,-138.01265,1027.3717,-328.121,64.32976,1068.15137,-442.74289,-102.07974,1031.19531,-452.28253,23.00038,1040.50037,-496.02649,-118.72024,933.5614
1368,11.392,-303.54688,-138.01265,1027.3717,-328.121,64.32976,1068.15137,-442.74075,-102.06576,1031.05261,-452.32471,23.34486,1040.54199,-496.18015,-118.11126,933.31219
1369,11.4,-303.79575,-138.25911,1027.42224,-328.47672,64.47097,1068.02014,-442.74075,-102.06576,1031.05261,-453.01324,23.23685,1040.46741,-496.28717,-117.85573,933.5545
1370,11.408,-303.86877,-137.88182,1027.50439,-328.121,64.32976,1068.15137,-442.74075,-102.06576,1031.05261,-452.89203,23.06738,1040.3988,-496.28717,-117.85573,933.5545
1371,11.417,-303.86877,-137.88182,1027.50439,-328.47672,64.47097,1068.02014,-442.74075,-102.06576,1031.05261,-452.35678,22.98379,1040.41711,-496.28717,-117.85573,933.5545
1372,11.425,-303.86877,-137.88182,1027.50439,-328.47672,64.47097,1068.02014,-442.99203,-101.82181,1031.02209,-452.8512,22.60565,1040.35828,-496.5618,-117.64584,933.71558
1373,11.433,-304.00772,-137.57172,1027.53137,-328.47672,64.47097,1068.02014,-442.9942,-101.83579,1031.16467,-453.38773,22.87285,1040.3324,-496.39258,-117.67521,933.59351
1374,11.442,-303.86877,-137.88182,1027.50439,-328.47672,64.47097,1068.02014,-442.99203,-101.82181,1031.02209,-453.44598,23.14822,1040.22656,-496.28555,-117.93076,933.3512
1375,11.45,-303.80685,-137.73645,1027.56836,-328.47672,64.47097,1068.02014,-442.99203,-101.82181,1031.02209,-453.07022,23.4373,1040.09314,-496.54889,-117.6249,933.55835
1376,11.458,-303.94583,-137.42633,1027.59534,-328.47672,64.47097,1068.02014,-443.08536,-101.47686,1031.0907,-452.94073,23.62542,1040.00842,-496.23801,-117.47965,933.30573
1377,11.467,-304.25659,-137.81824,1027.58191,-328.47672,64.47097,1068.02014,-443.08536,-101.47686,1031.0907,-453.19833,23.57421,1040.23462,-496.54889,-117.6249,933.55835
1378,11.475,-304.25659,-137.81824,1027.58191,-328.47672,64.47097,1068.02014,-443.08536,-101.47686,1031.0907,-453.43344,23.21887,1040.32324,-496.54889,-117.6249,933.55835
1379,11.483,-304.00772,-137.57172,1027.53137,-328.47672,64.47097,1068.02014,-442.99203,-101.82181,1031.02209,-453.55164,22.98094,1040.23059,-496.37964,-117.65425,933.43628
1380,11.492,-304.00772,-137.57172,1027.53137,-328.47672,64.47097,1068.02014,-442.99203,-101.82181,1031.02209,-453.29416,23.03208,1040.00452,-496.54889,-117.6249,933.55835
1381,11.5,-303.94583,-137.42633,1027.59534,-328.47672,64.47097,1068.02014,-442.99203,-101.82181,1031.02209,-453.17593,23.27003,1040.09717,-496.54889,-117.6249,933.55835
1382,11.508,-303.94583,-137.42633,1027.59534,-328.47672,64.47097,1068.02014,-443.08536,-101.47686,1031.0907,-452.77448,23.20748,1040.11084,-496.54889,-117.6249,933.55835
1383,11.517,-304.14166,-137.37724,1027.40564,-328.47672,64.47097,1068.02014,-443.08536,-101.47686,1031.0907,-453.17593,23.27003,1040.09717,-496.54889,-117.6249,933.55835
1384,11.525,-303.94583,-137.42633,1027.59534,-328.47672,64.47097,1068.02014,-443.21048,-101.66713,1031.04102,-453.69565,23.09432,1039.99072,-496.65894,-117.56583,933.49585
1385,11.533,-304.14166,-137.37724,1027.40564,-328.47672,64.47097,1068.02014,-442.99203,-101.82181,1031.02209,-453.57748,23.33224,1040.08337,-496.65894,-117.56583,933.49585
1386,11.542,-304.14166,-137.37724,1027.40564,-328.47672,64.47097,1068.02014,-442.99203,-101.82181,1031.02209,-453.51846,23.15775,1039.76184,-496.65894,-117.56583,933.49585
1387,11.55,-303.93564,-137.31271,1027.2605,-328.47672,64.47097,1068.02014,-443.08536,-101.47686,1031.0907,-453.51846,23.15775,1039.76184,-496.65894,-117.56583,933.49585
1388,11.558,-304.14166,-137.37724,1027.40564,-328.47672,64.47097,1068.02014,-443.08813,-101.37292,1030.85144,-453.69565,23.09432,1039.99072,-496.62466,-117.45319,933.35278
1389,11.567,-303.99756,-137.45811,1027.19666,-328.47672,64.47097,1068.02014,-443.08536,-101.47686,1031.0907,-453.34241,23.68758,1039.99463,-496.51733,-117.39124,933.3653
1390,11.575,-303.99756,-137.45811,1027.19666,-328.47672,64.47097,1068.02014,-443.14703,-101.96155,1030.92896,-453.05945,23.91828,1039.76172,-496.65237,-117.24922,933.34436
1391,11.583,-303.99756,-137.45811,1027.19666,-328.47672,64.47097,1068.02014,-443.11716,-102.01202,1030.97241,-452.69647,23.93468,1039.72815,-496.79391,-117.42381,933.47485
1392,11.592,-303.99756,-137.45811,1027.19666,-328.47672,64.47097,1068.02014,-443.08536,-101.47686,1031.0907,-452.78702,23.13683,1040.01416,-496.65894,-117.56583,933.49585
1393,11.6,-303.99756,-137.45811,1027.19666,-328.47672,64.47097,1068.02014,-443.22568,-100.83929,1030.78784,-453.52765,23.24706,1039.67639,-496.79391,-117.42381,933.47485
1394,11.608,-303.99756,-137.45811,1027.19666,-328.47672,64.47097,1068.02014,-443.31348,-101.77734,1030.53796,-453.70483,23.18361,1039.90527,-496.79391,-117.42381,933.47485
1395,11.617,-303.99756,-137.45811,1027.19666,-328.47672,64.47097,1068.02014,-443.31918,-101.77189,1030.52893,-453.60599,23.54325,1039.8938,-496.97556,-117.31981,933.30658
1396,11.625,-303.99756,-137.45811,1027.19666,-328.47672,64.47097,1068.02014,-443.31918,-101.77189,1030.52893,-453.17432,23.84032,1039.6803,-496.89273,-116.91663,933.11145
1397,11.633,-303.99756,-137.45811,1027.19666,-328.47672,64.47097,1068.02014,-443.22708,-101.59617,1030.77136,-453.17432,23.84032,1039.6803,-496.97556,-117.31981,933.30658
1398,11.642,-303.90567,-137.70306,1027.20898,-328.47672,64.47097,1068.02014,-443.3508,-101.02967,1030.73828,-453.51846,23.15775,1039.76184,-496.65894,-117.56583,933.49585
1399,11.65,-303.99756,-137.45811,1027.19666,-328.47672,64.47097,1068.02014,-443.22708,-101.59617,1030.77136,-453.69565,23.09432,1039.99072,-496.93381,-117.61831,933.44019
1400,11.658,-303.99756,-137.45811,1027.19666,-328.47672,64.47097,1068.02014,-443.13864,-101.87727,1030.70581,-453.70483,23.18361,1039.90527,-496.93381,-117.61831,933.44019
1401,11.667,-303.99756,-137.45811,1027.19666,-328.47672,64.47097,1068.02014,-443.13864,-101.87727,1030.70581,-453.69565,23.09432,1039.99072,-496.7988,-117.76031,933.46118
1402,11.675,-303.99756,-137.45811,1027.19666,-328.47672,64.47097,1068.02014,-443.31348,-101.77734,1030.53796,-453.70483,23.18361,1039.90527,-497.11542,-117.51429,933.27191
1403,11.683,-304.2464,-137.70465,1027.24707,-328.47672,64.47097,1068.02014,-443.31918,-101.77189,1030.52893,-453.69565,23.09432,1039.99072,-497.11542,-117.51429,933.27191
1404,11.692,-303.99756,-137.45811,1027.19666,-328.47672,64.47097,1068.02014,-443.53116,-101.05621,1030.5376,-453.57748,23.33224,1040.08337,-496.93381,-117.61831,933.44019
1405,11.7,-303.99756,-137.45811,1027.19666,-328.47672,64.47097,1068.02014,-443.5444,-100.89878,1030.54309,-453.34241,23.68758,1039.99463,-496.93381,-117.61831,933.44019
1406,11.708,-303.99756,-137.45811,1027.19666,-328.47672,64.47097,1068.02014,-443.21048,-101.66713,1031.04102,-453.57748,23.33224,1040.08337,-496.93381,-117.61831,933.44019
1407,11.717,-303.90567,-137.70306,1027.20898,-328.47672,64.47097,1068.02014,-443.31918,-101.77189,1030.52893,-453.69565,23.09432,1039.99072,-496.93381,-117.61831,933.44019
1408,11.725,-303.89267,-137.5352,1027.06079,-328.47672,64.47097,1068.02014,-443.34146,-102.26795,1030.81555,-453.90173,22.7688,1040.03406,-496.79391,-117.42381,933.47485
1409,11.733,-303.80084,-137.78014,1027.07324,-328.47672,64.47097,1068.02014,-443.34146,-102.26795,1030.81555,-453.72458,22.8322,1039.8053,-496.93381,-117.61831,933.44019
1410,11.742,-304.04968,-138.02666,1027.12366,-328.47672,64.47097,1068.02014,-443.1199,-101.90813,1030.73315,-453.57748,23.33224,1040.08337,-496.79391,-117.42381,933.47485
1411,11.75,-303.80084,-137.78014,1027.07324,-328.47672,64.47097,1068.02014,-443.4068,-101.4324,1030.60657,-453.57748,23.33224,1040.08337,-496.84055,-117.46188,933.32758
1412,11.758,-303.80084,-137.78014,1027.07324,-328.47672,64.47097,1068.02014,-443.11716,-102.01202,1030.97241,-453.57748,23.33224,1040.08337,-496.48969,-117.59519,933.37378
1413,11.767,-303.5636,-137.83815,1026.93298,-328.47672,64.47097,1068.02014,-443.11716,-102.01202,1030.97241,-453.69565,23.09432,1039.99072,-496.7988,-117.76031,933.46118
1414,11.775,-303.5636,-137.83815,1026.93298,-328.47672,64.47097,1068.02014,-443.1199,-101.90813,1030.73315,-453.51846,23.15775,1039.76184,-496.79391,-117.42381,933.47485
1415,11.783,-303.69897,-138.18648,1026.92407,-328.47672,64.47097,1068.02014,-443.33868,-102.37183,1031.05481,-453.35278,22.75924,1039.85718,-496.50848,-117.74911,933.31128
1416,11.792,-303.69897,-138.18648,1026.92407,-328.47672,64.47097,1068.02014,-443.11716,-102.01202,1030.97241,-453.84351,22.49336,1040.13989,-496.48969,-117.59519,933.37378
1417,11.8,-303.69897,-138.18648,1026.92407,-328.47672,64.47097,1068.02014,-443.11716,-102.01202,1030.97241,-453.84351,22.49336,1040.13989,-496.64243,-117.98824,933.24524
1418,11.808,-303.32169,-138.18321,1026.69812,-328.47672,64.47097,1068.02014,-443.1199,-101.90813,1030.73315,-453.63742,22.8189,1040.09656,-496.72351,-118.19069,933.3136
1419,11.817,-303.69897,-138.18648,1026.92407,-328.47672,64.47097,1068.02014,-443.1199,-101.90813,1030.73315,-453.69565,23.09432,1039.99072,-496.64243,-117.98824,933.24524
1420,11.825,-303.57053,-138.42969,1026.74854,-328.47672,64.47097,1068.02014,-443.09131,-102.24548,1030.97534,-453.55164,22.98094,1040.23059,-496.64243,-117.98824,933.24524
1421,11.833,-303.46399,-138.72038,1026.74316,-328.47672,64.47097,1068.02014,-443.11716,-102.01202,1030.97241,-453.7179,22.18184,1040.31409,-496.53653,-118.15653,933.21637
1422,11.842,-303.46399,-138.72038,1026.74316,-328.47672,64.47097,1068.02014,-443.27414,-102.53049,1031.01038,-453.7179,22.18184,1040.31409,-496.44244,-118.43297,933.13129
1423,11.85,-303.59796,-138.52592,1026.61743,-328.47672,64.47097,1068.02014,-443.24997,-103.0837,1030.87097,-453.91589,22.11457,1040.14197,-496.21323,-118.91079,933.2113
1424,11.858,-303.7077,-138.9075,1026.68738,-328.47672,64.47097,1068.02014,-443.34064,-102.84278,1030.93872,-454.09787,22.00485,1040.18274,-496.25873,-118.99297,933.01361
1425,11.867,-303.7077,-138.9075,1026.68738,-328.47672,64.47097,1068.02014,-442.87143,-102.74614,1030.87683,-453.77191,22.00126,1040.38171,-496.5379,-118.61556,932.98621
1426,11.875,-303.7077,-138.9075,1026.68738,-328.47672,64.47097,1068.02014,-442.87143,-102.74614,1030.87683,-454.09787,22.00485,1040.18274,-496.53653,-118.15653,933.21637
1427,11.883,-304.09772,-138.65779,1026.70239,-328.47672,64.47097,1068.02014,-442.87143,-102.74614,1030.87683,-453.91589,22.11457,1040.14197,-496.53653,-118.15653,933.21637
1428,11.892,-303.7077,-138.9075,1026.68738,-328.47672,64.47097,1068.02014,-443.06543,-103.07414,1030.72815,-453.91589,22.11457,1040.14197,-496.63199,-118.33912,933.07129
1429,11.9,-303.46399,-138.72038,1026.74316,-328.121,64.32976,1068.15137,-443.42932,-103.01506,1030.80615,-453.95392,21.89155,1040.42249,-496.41824,-119.02216,933.01392
1430,11.908,-303.7077,-138.9075,1026.68738,-328.121,64.32976,1068.15137,-443.42932,-103.01506,1030.80615,-453.77191,22.00126,1040.38171,-496.35416,-119.17559,932.86853
1431,11.917,-303.7077,-138.9075,1026.68738,-328.121,64.32976,1068.15137,-443.06543,-103.07414,1030.72815,-453.95392,21.89155,1040.42249,-496.41824,-119.02216,933.01392
1432,11.925,-303.7077,-138.9075,1026.68738,-328.121,64.32976,1068.15137,-443.06543,-103.07414,1030.72815,-453.95392,21.89155,1040.42249,-496.5379,-118.61556,932.98621
1433,11.933,-303.91983,-138.9843,1026.62854,-328.03711,63.64336,1068.15259,-442.87143,-102.74614,1030.87683,-453.77191,22.00126,1040.38171,-496.53653,-118.15653,933.21637
1434,11.942,-303.91983,-138.9843,1026.62854,-328.03711,63.64336,1068.15259,-442.87143,-102.74614,1030.87683,-453.77191,22.00126,1040.38171,-496.5379,-118.61556,932.98621
1435,11.95,-303.91983,-138.9843,1026.62854,-328.03711,63.64336,1068.15259,-443.06543,-103.07414,1030.72815,-453.77191,22.00126,1040.38171,-496.5379,-118.61556,932.98621
1436,11.958,-303.91983,-138.9843,1026.62854,-328.03711,63.64336,1068.15259,-443.3031,-103.34738,1030.8175,-453.95392,21.89155,1040.42249,-496.5379,-118.61556,932.98621
1437,11.967,-303.91983,-138.9843,1026.62854,-328.03711,63.64336,1068.15259,-443.3031,-103.34738,1030.8175,-453.95392,21.89155,1040.42249,-496.5379,-118.61556,932.98621
1438,11.975,-303.91983,-138.9843,1026.62854,-328.03711,63.64336,1068.15259,-443.3031,-103.34738,1030.8175,-453.95392,21.89155,1040.42249,-496.5379,-118.61556,932.98621
1439,11.983,-303.91983,-138.9843,1026.62854,-328.03711,63.64336,1068.15259,-443.40695,-103.34839,1030.7218,-453.95392,21.89155,1040.42249,-496.41824,-119.02216,933.01392
1440,11.992,-304.16882,-139.237,1026.6897,-328.03711,63.64336,1068.15259,-443.28491,-103.20959,1030.62158,-454.09787,22.00485,1040.18274,-496.18945,-119.00481,932.6001
1441,12,-304.16882,-139.237,1026.6897,-328.03711,63.64336,1068.15259,-443.27652,-103.12536,1030.39856,-453.95392,21.89155,1040.42249,-496.18945,-119.00481,932.6001
1442,12.008,-304.422,-139.19049,1026.81714,-328.03711,63.64336,1068.15259,-443.64874,-103.15054,1030.69958,-453.95392,21.89155,1040.42249,-496.64609,-118.50796,932.96436
1443,12.017,-304.422,-139.19049,1026.81714,-328.03711,63.64336,1068.15259,-443.82077,-102.96095,1030.2998,-454.19211,21.79683,1040.09387,-496.78,-118.74723,932.89838
1444,12.025,-304.422,-139.19049,1026.81714,-328.03711,63.64336,1068.15259,-444.06149,-102.91357,1030.30627,-454.19211,21.79683,1040.09387,-496.88947,-118.83274,932.60956
1445,12.033,-304.422,-139.19049,1026.81714,-328.03711,63.64336,1068.15259,-444.06149,-102.91357,1030.30627,-454.19211,21.79683,1040.09387,-496.77774,-119.20322,932.61255
1446,12.042,-304.422,-139.19049,1026.81714,-328.39294,63.7847,1068.02148,-443.82077,-102.96095,1030.2998,-454.35715,21.89929,1040.12952,-496.57199,-119.17336,932.41003
1447,12.05,-304.422,-139.19049,1026.81714,-328.39294,63.7847,1068.02148,-443.89603,-102.96205,1030.22534,-454.47574,22.03094,1040.11792,-496.6131,-119.03244,932.34406
1448,12.058,-304.422,-139.19049,1026.81714,-328.39294,63.7847,1068.02148,-444.45129,-102.78637,1030.06702,-454.47574,22.03094,1040.11792,-496.85754,-118.45932,932.37091
1449,12.067,-304.422,-139.19049,1026.81714,-328.39294,63.7847,1068.02148,-444.6124,-102.61695,1030.0072,-454.61237,21.84037,1040.07007,-497.05081,-118.74615,932.27985
1450,12.075,-304.422,-139.19049,1026.81714,-328.39294,63.7847,1068.02148,-444.44348,-102.77518,1029.93396,-454.67065,22.11569,1039.96436,-497.48642,-118.60688,932.31519
1451,12.083,-304.422,-139.19049,1026.81714,-328.39294,63.7847,1068.02148,-444.76163,-102.44504,1029.79834,-454.61237,21.84037,1040.07007,-497.25113,-118.63537,932.25061
1452,12.092,-304.422,-139.19049,1026.81714,-328.39294,63.7847,1068.02148,-444.87231,-102.51537,1029.97156,-454.60352,21.65121,1039.92664,-497.08383,-118.5967,932.04736
1453,12.1,-304.422,-139.19049,1026.81714,-328.39294,63.7847,1068.02148,-444.61301,-102.72852,1030.14233,-454.67065,22.11569,1039.96436,-497.08655,-118.46458,931.98218
1454,12.108,-304.66739,-139.26947,1026.76331,-328.39294,63.7847,1068.02148,-444.83194,-102.5949,1029.97168,-454.60352,21.65121,1039.92664,-497.25113,-118.63537,932.25061
1455,12.117,-304.422,-139.19049,1026.81714,-328.39294,63.7847,1068.02148,-444.92996,-102.52903,1029.83362,-454.61237,21.84037,1040.07007,-497.37469,-118.9774,932.31818
1456,12.125,-304.66739,-139.26947,1026.76331,-328.39294,63.7847,1068.02148,-444.87875,-102.63505,1029.90454,-454.68115,21.50176,1039.89355,-497.37469,-118.9774,932.31818
1457,12.133,-304.66739,-139.26947,1026.76331,-328.39294,63.7847,1068.02148,-445.09186,-102.49334,1029.93604,-454.7475,21.8728,1040.15332,-497.48642,-118.60688,932.31519
1458,12.142,-304.66739,-139.26947,1026.76331,-328.39294,63.7847,1068.02148,-444.92996,-102.52903,1029.83362,-454.80576,22.14812,1040.04761,-497.48642,-118.60688,932.31519
1459,12.15,-304.72339,-139.19563,1026.52478,-328.39294,63.7847,1068.02148,-445.04065,-102.59935,1030.00696,-454.67065,22.11569,1039.96436,-497.48642,-118.60688,932.31519
1460,12.158,-305.08481,-139.19824,1026.60815,-328.39294,63.7847,1068.02148,-445.03284,-102.58817,1029.8739,-454.67065,22.11569,1039.96436,-497.77054,-118.51564,932.24139
1461,12.167,-305.13205,-139.44644,1026.81372,-328.39294,63.7847,1068.02148,-445.04065,-102.59935,1030.00696,-454.92453,21.80934,1040.38196,-497.48642,-118.60688,932.31519
1462,12.175,-305.08481,-139.19824,1026.60815,-328.39294,63.7847,1068.02148,-445.11603,-102.70566,1029.85791,-454.7475,21.8728,1040.15332,-497.48642,-118.60688,932.31519
1463,12.183,-305.08481,-139.19824,1026.60815,-329.07349,63.90136,1068.16174,-445.09186,-102.49334,1029.93604,-454.91693,21.98577,1040.18225,-497.69867,-118.75394,932.35455
1464,12.192,-305.38828,-139.23912,1026.62292,-329.07349,63.90136,1068.16174,-445.09186,-102.49334,1029.93604,-454.90811,21.79662,1040.03894,-497.98276,-118.66265,932.28076
1465,12.2,-305.38828,-139.23912,1026.62292,-329.07349,63.90136,1068.16174,-445.11603,-102.70566,1029.85791,-455.09396,21.92231,1040.41101,-497.98276,-118.66265,932.28076
1466,12.208,-305.38828,-139.23912,1026.62292,-329.65729,63.94124,1068.43555,-445.10822,-102.69447,1029.72485,-455.15222,22.19755,1040.3053,-498.2901,-118.39635,932.23212
1467,12.217,-305.38828,-139.23912,1026.62292,-329.65729,63.94124,1068.43555,-445.09186,-102.49334,1029.93604,-455.23242,22.154,1040.08679,-498.27585,-118.62102,932.34424
1468,12.225,-305.38828,-139.23912,1026.62292,-329.65729,63.94124,1068.43555,-445.379,-102.73393,1029.87476,-455.23242,22.154,1040.08679,-498.10031,-118.52431,932.43872
1469,12.233,-305.33224,-139.31296,1026.86145,-329.65729,63.94124,1068.43555,-445.28439,-102.78979,1029.89331,-455.06418,22.40673,1040.00146,-497.98276,-118.66265,932.28076
1470,12.242,-305.33224,-139.31296,1026.86145,-329.65729,63.94124,1068.43555,-445.34525,-102.64426,1029.95056,-455.22061,22.17491,1040.22253,-498.27585,-118.62102,932.34424
1471,12.25,-305.57043,-139.18845,1026.8269,-329.07349,63.90136,1068.16174,-445.32104,-102.43193,1030.02881,-455.22061,22.17491,1040.22253,-498.27585,-118.62102,932.34424
1472,12.258,-305.44568,-139.21121,1026.92078,-329.65729,63.94124,1068.43555,-445.32104,-102.43193,1030.02881,-455.18301,22.06799,1040.33594,-498.27585,-118.62102,932.34424
1473,12.267,-305.44568,-139.21121,1026.92078,-329.65729,63.94124,1068.43555,-445.32104,-102.43193,1030.02881,-455.09396,21.92231,1040.41101,-498.39343,-118.48261,932.5022
1474,12.275,-305.38828,-139.23912,1026.62292,-329.65729,63.94124,1068.43555,-445.32104,-102.43193,1030.02881,-455.18301,22.06799,1040.33594,-498.46555,-118.29307,932.6228
1475,12.283,-305.50174,-139.13736,1026.68225,-329.65729,63.94124,1068.43555,-445.34525,-102.64426,1029.95056,-455.09396,21.92231,1040.41101,-498.46555,-118.29307,932.6228
1476,12.292,-305.50174,-139.13736,1026.68225,-329.65729,63.94124,1068.43555,-445.32104,-102.43193,1030.02881,-455.09396,21.92231,1040.41101,-498.55972,-118.01659,932.70776
1477,12.3,-305.44568,-139.21121,1026.92078,-329.65729,63.94124,1068.43555,-445.32104,-102.43193,1030.02881,-455.09396,21.92231,1040.41101,-498.5553,-117.89944,932.8056
1478,12.308,-305.33224,-139.31296,1026.86145,-329.65729,63.94124,1068.43555,-445.32104,-102.43193,1030.02881,-455.09396,21.92231,1040.41101,-498.5553,-117.89944,932.8056
1479,12.317,-305.44568,-139.21121,1026.92078,-329.65729,63.94124,1068.43555,-445.32104,-102.43193,1030.02881,-455.09396,21.92231,1040.41101,-498.17242,-118.33478,932.55927
1480,12.325,-305.33224,-139.31296,1026.86145,-329.65729,63.94124,1068.43555,-445.32104,-102.43193,1030.02881,-455.18301,22.06799,1040.33594,-498.34576,-118.69973,932.65051
1481,12.333,-305.44568,-139.21121,1026.92078,-329.65729,63.94124,1068.43555,-445.32104,-102.43193,1030.02881,-455.18301,22.06799,1040.33594,-498.46555,-118.29307,932.6228
1482,12.342,-305.44568,-139.21121,1026.92078,-329.65729,63.94124,1068.43555,-445.32104,-102.43193,1030.02881,-455.24127,22.34321,1040.23022,-498.55972,-118.01659,932.70776
1483,12.35,-305.50174,-139.13736,1026.68225,-329.65729,63.94124,1068.43555,-445.32104,-102.43193,1030.02881,-455.24127,22.34321,1040.23022,-498.55972,-118.01659,932.70776
1484,12.358,-305.44568,-139.21121,1026.92078,-329.74069,64.62718,1068.4342,-445.32104,-102.43193,1030.02881,-455.27887,22.45012,1040.11682,-498.46555,-118.29307,932.6228
1485,12.367,-305.44568,-139.21121,1026.92078,-329.65729,63.94124,1068.43555,-445.32104,-102.43193,1030.02881,-455.34882,22.32223,1040.18005,-498.39343,-118.48261,932.5022
1486,12.375,-305.44568,-139.21121,1026.92078,-329.65729,63.94124,1068.43555,-445.35483,-102.52161,1029.95288,-455.62372,22.10208,1040.04309,-498.46555,-118.29307,932.6228
1487,12.383,-305.44568,-139.21121,1026.92078,-329.65729,63.94124,1068.43555,-445.56366,-102.32219,1030.11499,-455.62372,22.10208,1040.04309,-498.46555,-118.29307,932.6228
1488,12.392,-305.64102,-139.09126,1026.92432,-329.74069,64.62718,1068.4342,-445.35483,-102.52161,1029.95288,-455.73346,22.04438,1039.88818,-498.27585,-118.62102,932.34424
1489,12.4,-305.73807,-139.07555,1027.09412,-330.15378,64.10038,1068.35071,-445.35483,-102.52161,1029.95288,-456.10522,22.11719,1039.8363,-498.50229,-118.54324,932.27148
1490,12.408,-305.73807,-139.07555,1027.09412,-330.15378,64.10038,1068.35071,-445.379,-102.73393,1029.87476,-456.11407,22.3064,1039.97974,-498.50229,-118.54324,932.27148
1491,12.417,-305.73807,-139.07555,1027.09412,-330.23703,64.78615,1068.34937,-445.379,-102.73393,1029.87476,-456.16345,22.39237,1039.73059,-498.50229,-118.54324,932.27148
1492,12.425,-305.86667,-138.83224,1027.26965,-330.23703,64.78615,1068.34937,-445.59747,-102.41185,1030.03918,-455.86588,22.30287,1039.69934,-498.44214,-118.15507,932.5498
1493,12.433,-305.86667,-138.83224,1027.26965,-330.23703,64.78615,1068.34937,-445.59747,-102.41185,1030.03918,-455.86588,22.30287,1039.69934,-498.5925,-118.71398,932.35034
1494,12.442,-305.89688,-138.74153,1027.40674,-330.23703,64.78615,1068.34937,-445.35483,-102.52161,1029.95288,-455.79166,22.31954,1039.78247,-498.27585,-118.62102,932.34424
1495,12.45,-305.89688,-138.74153,1027.40674,-330.23703,64.78615,1068.34937,-445.59747,-102.41185,1030.03918,-456.11407,22.3064,1039.97974,-498.39343,-118.48261,932.5022
1496,12.458,-305.89688,-138.74153,1027.40674,-330.23703,64.78615,1068.34937,-445.59747,-102.41185,1030.03918,-455.79166,22.31954,1039.78247,-498.39343,-118.48261,932.5022
1497,12.467,-305.89688,-138.74153,1027.40674,-330.23703,64.78615,1068.34937,-445.59747,-102.41185,1030.03918,-456.16345,22.39237,1039.73059,-498.55972,-118.01659,932.70776
1498,12.475,-305.89688,-138.74153,1027.40674,-330.23703,64.78615,1068.34937,-445.59747,-102.41185,1030.03918,-456.1723,22.58161,1039.87402,-498.46555,-118.29307,932.6228
1499,12.483,-305.89688,-138.74153,1027.40674,-330.23703,64.78615,1068.34937,-445.72086,-102.36674,1030.31567,-456.1723,22.58161,1039.87402,-498.46555,-118.29307,932.6228
1500,12.492,-305.89688,-138.74153,1027.40674,-330.23703,64.78615,1068.34937,-445.56366,-102.32219,1030.11499,-455.80048,22.50877,1039.9259,-498.55972,-118.01659,932.70776
1501,12.5,-305.89688,-138.74153,1027.40674,-330.23703,64.78615,1068.34937,-445.72086,-102.36674,1030.31567,-455.80048,22.50877,1039.9259,-498.26657,-118.05833,932.64429
1502,12.508,-305.89688,-138.74153,1027.40674,-330.23703,64.78615,1068.34937,-445.72086,-102.36674,1030.31567,-455.80048,22.50877,1039.9259,-498.26657,-118.05833,932.64429
1503,12.517,-305.89688,-138.74153,1027.40674,-330.23703,64.78615,1068.34937,-445.56366,-102.32219,1030.11499,-455.80048,22.50877,1039.9259,-498.39343,-118.48261,932.5022
1504,12.525,-305.89688,-138.74153,1027.40674,-330.23703,64.78615,1068.34937,-445.72086,-102.36674,1030.31567,-456.1723,22.58161,1039.87402,-498.39343,-118.48261,932.5022
1505,12.533,-305.89688,-138.74153,1027.40674,-330.23703,64.78615,1068.34937,-445.47824,-102.4765,1030.22949,-456.1723,22.58161,1039.87402,-498.55972,-118.01659,932.70776
1506,12.542,-305.89688,-138.74153,1027.40674,-330.23703,64.78615,1068.34937,-445.65207,-102.04121,1030.18054,-456.1723,22.58161,1039.87402,-498.55972,-118.01659,932.70776
1507,12.55,-305.89688,-138.74153,1027.40674,-330.23703,64.78615,1068.34937,-445.72086,-102.36674,1030.31567,-456.1723,22.58161,1039.87402,-498.55972,-118.01659,932.70776
1508,12.558,-305.89688,-138.74153,1027.40674,-330.23703,64.78615,1068.34937,-445.56366,-102.32219,1030.11499,-456.1723,22.58161,1039.87402,-498.39343,-118.48261,932.5022
1509,12.567,-305.89688,-138.74153,1027.40674,-330.23703,64.78615,1068.34937,-445.59747,-102.41185,1030.03918,-456.1723,22.58161,1039.87402,-498.39343,-118.48261,932.5022
1510,12.575,-305.89688,-138.74153,1027.40674,-330.23703,64.78615,1068.34937,-445.59747,-102.41185,1030.03918,-456.16345,22.39237,1039.73059,-498.39343,-118.48261,932.5022
1511,12.583,-305.89688,-138.74153,1027.40674,-330.23703,64.78615,1068.34937,-445.75464,-102.45641,1030.23987,-456.16345,22.39237,1039.73059,-498.39343,-118.48261,932.5022
1512,12.592,-305.89688,-138.74153,1027.40674,-330.23703,64.78615,1068.34937,-446.10196,-102.36469,1030.18762,-456.23764,22.37574,1039.64746,-498.6199,-118.4048,932.42944
1513,12.6,-305.89688,-138.74153,1027.40674,-330.23703,64.78615,1068.34937,-445.91757,-102.3395,1030.02295,-456.23764,22.37574,1039.64746,-498.63297,-118.50172,932.15027
1514,12.608,-305.89688,-138.74153,1027.40674,-330.23703,64.78615,1068.34937,-445.59747,-102.41185,1030.03918,-456.23764,22.37574,1039.64746,-498.6199,-118.4048,932.42944
1515,12.617,-305.89688,-138.74153,1027.40674,-330.23703,64.78615,1068.34937,-445.59747,-102.41185,1030.03918,-456.23764,22.37574,1039.64746,-498.50229,-118.54324,932.27148
1516,12.625,-305.89688,-138.74153,1027.40674,-330.23703,64.78615,1068.34937,-445.59747,-102.41185,1030.03918,-456.23764,22.37574,1039.64746,-498.39343,-118.48261,932.5022
1517,12.633,-305.89688,-138.74153,1027.40674,-330.23703,64.78615,1068.34937,-445.59747,-102.41185,1030.03918,-456.23764,22.37574,1039.64746,-498.50229,-118.54324,932.27148
1518,12.642,-305.89688,-138.74153,1027.40674,-330.23703,64.78615,1068.34937,-445.59747,-102.41185,1030.03918,-456.24649,22.56497,1039.79089,-498.6199,-118.4048,932.42944
1519,12.65,-305.89688,-138.74153,1027.40674,-330.23703,64.78615,1068.34937,-445.59747,-102.41185,1030.03918,-456.1723,22.58161,1039.87402,-498.6199,-118.4048,932.42944
1520,12.658,-305.89688,-138.74153,1027.40674,-330.23703,64.78615,1068.34937,-445.64474,-102.03079,1030.0564,-456.1723,22.58161,1039.87402,-498.78622,-117.93876,932.63495
1521,12.667,-305.89688,-138.74153,1027.40674,-330.23703,64.78615,1068.34937,-445.72086,-102.36674,1030.31567,-456.1723,22.58161,1039.87402,-498.6199,-118.4048,932.42944
1522,12.675,-305.89688,-138.74153,1027.40674,-330.23703,64.78615,1068.34937,-446.06821,-102.27504,1030.26343,-456.1723,22.58161,1039.87402,-498.6199,-118.4048,932.42944
1523,12.683,-305.89688,-138.74153,1027.40674,-330.23703,64.78615,1068.34937,-445.32104,-102.43193,1030.02881,-456.1723,22.58161,1039.87402,-498.78622,-117.93876,932.63495
1524,12.692,-305.89688,-138.74153,1027.40674,-330.23703,64.78615,1068.34937,-445.77554,-101.60685,1030.12366,-456.1723,22.58161,1039.87402,-498.55972,-118.01659,932.70776
1525,12.7,-305.89688,-138.74153,1027.40674,-330.23703,64.78615,1068.34937,-445.77554,-101.60685,1030.12366,-455.80048,22.50877,1039.9259,-498.55972,-118.01659,932.70776
1526,12.708,-305.89688,-138.74153,1027.40674,-330.23703,64.78615,1068.34937,-445.56366,-102.32219,1030.11499,-455.80048,22.50877,1039.9259,-498.78622,-117.93876,932.63495
1527,12.717,-305.89688,-138.74153,1027.40674,-330.23703,64.78615,1068.34937,-445.82559,-102.38482,1030.17712,-456.1723,22.58161,1039.87402,-498.69202,-118.21524,932.54999
1528,12.725,-305.89688,-138.74153,1027.40674,-330.23703,64.78615,1068.34937,-445.6412,-102.35961,1030.01257,-456.1723,22.58161,1039.87402,-498.78622,-117.93876,932.63495
1529,12.733,-305.89688,-138.74153,1027.40674,-330.23703,64.78615,1068.34937,-445.53302,-101.71651,1030.03748,-456.1723,22.58161,1039.87402,-498.78622,-117.93876,932.63495
1530,12.742,-305.89688,-138.74153,1027.40674,-330.23703,64.78615,1068.34937,-445.53302,-101.71651,1030.03748,-455.80048,22.50877,1039.9259,-498.78622,-117.93876,932.63495
1531,12.75,-305.89688,-138.74153,1027.40674,-330.23703,64.78615,1068.34937,-445.56366,-102.32219,1030.11499,-456.1723,22.58161,1039.87402,-498.78622,-117.93876,932.63495
1532,12.758,-305.89688,-138.74153,1027.40674,-330.23703,64.78615,1068.34937,-445.72086,-102.36674,1030.31567,-456.1723,22.58161,1039.87402,-498.6199,-118.4048,932.42944
1533,12.767,-305.89688,-138.74153,1027.40674,-330.23703,64.78615,1068.34937,-445.32104,-102.43193,1030.02881,-456.1723,22.58161,1039.87402,-498.69202,-118.21524,932.54999
1534,12.775,-305.89688,-138.74153,1027.40674,-330.23703,64.78615,1068.34937,-445.65207,-102.04121,1030.18054,-456.1723,22.58161,1039.87402,-498.78622,-117.93876,932.63495
1535,12.783,-305.89688,-138.74153,1027.40674,-330.23703,64.78615,1068.34937,-445.80923,-102.08576,1030.38123,-456.1723,22.58161,1039.87402,-498.78622,-117.93876,932.63495
1536,12.792,-305.89688,-138.74153,1027.40674,-330.23703,64.78615,1068.34937,-445.72086,-102.36674,1030.31567,-456.1723,22.58161,1039.87402,-498.69202,-118.21524,932.54999
1537,12.8,-305.89688,-138.74153,1027.40674,-330.23703,64.78615,1068.34937,-446.06821,-102.27504,1030.26343,-456.1723,22.58161,1039.87402,-498.78622,-117.93876,932.63495
1538,12.808,-305.89688,-138.74153,1027.40674,-330.23703,64.78615,1068.34937,-445.80923,-102.08576,1030.38123,-456.1723,22.58161,1039.87402,-498.78622,-117.93876,932.63495
1539,12.817,-305.89688,-138.74153,1027.40674,-330.23703,64.78615,1068.34937,-445.80923,-102.08576,1030.38123,-456.1723,22.58161,1039.87402,-498.78622,-117.93876,932.63495
1540,12.825,-305.89688,-138.74153,1027.40674,-330.23703,64.78615,1068.34937,-445.80923,-102.08576,1030.38123,-455.80048,22.50877,1039.9259,-498.72522,-117.90374,932.91809
1541,12.833,-305.89688,-138.74153,1027.40674,-330.23703,64.78615,1068.34937,-445.72086,-102.36674,1030.31567,-456.1723,22.58161,1039.87402,-498.55972,-118.01659,932.70776
1542,12.842,-305.65369,-138.67828,1027.43848,-330.23703,64.78615,1068.34937,-445.80923,-102.08576,1030.38123,-456.1723,22.58161,1039.87402,-498.7818,-117.82161,932.73279
1543,12.85,-305.81796,-138.91068,1027.60498,-330.23703,64.78615,1068.34937,-445.92056,-102.18119,1030.6886,-456.1723,22.58161,1039.87402,-498.7818,-117.82161,932.73279
1544,12.858,-305.89688,-138.74153,1027.40674,-330.23703,64.78615,1068.34937,-445.46866,-102.26133,1030.43298,-456.1723,22.58161,1039.87402,-498.5553,-117.89944,932.8056
1545,12.867,-305.65369,-138.67828,1027.43848,-330.23703,64.78615,1068.34937,-445.47824,-102.4765,1030.22949,-455.80048,22.50877,1039.9259,-498.72522,-117.90374,932.91809
1546,12.875,-305.65369,-138.67828,1027.43848,-330.23703,64.78615,1068.34937,-445.92056,-102.18119,1030.6886,-456.1723,22.58161,1039.87402,-498.72522,-117.90374,932.91809
1547,12.883,-305.65369,-138.67828,1027.43848,-330.23703,64.78615,1068.34937,-445.92056,-102.18119,1030.6886,-456.1723,22.58161,1039.87402,-498.72522,-117.90374,932.91809
1548,12.892,-305.65369,-138.67828,1027.43848,-330.23703,64.78615,1068.34937,-445.92056,-102.18119,1030.6886,-456.1723,22.58161,1039.87402,-498.72522,-117.90374,932.91809
1549,12.9,-305.65369,-138.67828,1027.43848,-330.23703,64.78615,1068.34937,-445.38022,-102.54236,1030.36743,-455.64307,22.66218,1039.98535,-498.72522,-117.90374,932.91809
1550,12.908,-305.89688,-138.74153,1027.40674,-330.23703,64.78615,1068.34937,-445.72086,-102.36674,1030.31567,-455.74228,22.23359,1040.03162,-498.53998,-118.19074,932.80695
1551,12.917,-305.65369,-138.67828,1027.43848,-330.23703,64.78615,1068.34937,-445.72086,-102.36674,1030.31567,-456.1723,22.58161,1039.87402,-498.46112,-118.17593,932.72058
1552,12.925,-305.89688,-138.74153,1027.40674,-330.23703,64.78615,1068.34937,-445.72086,-102.36674,1030.31567,-456.1723,22.58161,1039.87402,-498.78622,-117.93876,932.63495
1553,12.933,-305.89688,-138.74153,1027.40674,-330.23703,64.78615,1068.34937,-445.80923,-102.08576,1030.38123,-456.1723,22.58161,1039.87402,-498.55972,-118.01659,932.70776
1554,12.942,-305.65369,-138.67828,1027.43848,-330.23703,64.78615,1068.34937,-445.72086,-102.36674,1030.31567,-456.1723,22.58161,1039.87402,-498.46555,-118.29307,932.6228
1555,12.95,-305.89688,-138.74153,1027.40674,-330.23703,64.78615,1068.34937,-445.56366,-102.32219,1030.11499,-455.80048,22.50877,1039.9259,-498.17242,-118.33478,932.55927
1556,12.958,-305.89688,-138.74153,1027.40674,-330.23703,64.78615,1068.34937,-445.72086,-102.36674,1030.31567,-455.80048,22.50877,1039.9259,-498.46555,-118.29307,932.6228
1557,12.967,-305.89688,-138.74153,1027.40674,-330.23703,64.78615,1068.34937,-445.75464,-102.45641,1030.23987,-456.1723,22.58161,1039.87402,-498.55972,-118.01659,932.70776
1558,12.975,-305.89688,-138.74153,1027.40674,-330.23703,64.78615,1068.34937,-445.72086,-102.36674,1030.31567,-456.23764,22.37574,1039.64746,-498.39343,-118.48261,932.5022
1559,12.983,-305.89688,-138.74153,1027.40674,-330.71292,64.8063,1068.60437,-445.72086,-102.36674,1030.31567,-456.16345,22.39237,1039.73059,-498.39343,-118.48261,932.5022
1560,12.992,-305.89688,-138.74153,1027.40674,-330.23703,64.78615,1068.34937,-445.56366,-102.32219,1030.11499,-456.16345,22.39237,1039.73059,-498.10031,-118.52431,932.43872
1561,13,-305.89688,-138.74153,1027.40674,-330.71292,64.8063,1068.60437,-445.75464,-102.45641,1030.23987,-456.16345,22.39237,1039.73059,-498.46555,-118.29307,932.6228
1562,13.008,-305.89688,-138.74153,1027.40674,-330.71292,64.8063,1068.60437,-445.77554,-101.60685,1030.12366,-456.16345,22.39237,1039.73059,-498.26657,-118.05833,932.64429
1563,13.017,-305.89688,-138.74153,1027.40674,-330.23703,64.78615,1068.34937,-445.75464,-102.45641,1030.23987,-456.16345,22.39237,1039.73059,-498.39343,-118.48261,932.5022
1564,13.025,-305.89688,-138.74153,1027.40674,-330.15378,64.10038,1068.35071,-445.75464,-102.45641,1030.23987,-456.16345,22.39237,1039.73059,-497.98276,-118.66265,932.28076
1565,13.033,-305.89688,-138.74153,1027.40674,-330.15378,64.10038,1068.35071,-445.56366,-102.32219,1030.11499,-455.79166,22.31954,1039.78247,-498.10031,-118.52431,932.43872
1566,13.042,-305.89688,-138.74153,1027.40674,-330.15378,64.10038,1068.35071,-445.56366,-102.32219,1030.11499,-455.80048,22.50877,1039.9259,-498.10031,-118.52431,932.43872
1567,13.05,-305.89688,-138.74153,1027.40674,-330.15378,64.10038,1068.35071,-445.56366,-102.32219,1030.11499,-456.16345,22.39237,1039.73059,-497.90161,-118.41797,932.38239
1568,13.058,-305.89688,-138.74153,1027.40674,-330.15378,64.10038,1068.35071,-445.59747,-102.41185,1030.03918,-455.79166,22.31954,1039.78247,-497.90161,-118.41797,932.38239
1569,13.067,-305.89688,-138.74153,1027.40674,-330.15378,64.10038,1068.35071,-445.56366,-102.32219,1030.11499,-456.1723,22.58161,1039.87402,-497.90161,-118.41797,932.38239
1570,13.075,-305.89688,-138.74153,1027.40674,-330.15378,64.10038,1068.35071,-445.32104,-102.43193,1030.02881,-455.79166,22.31954,1039.78247,-497.90161,-118.41797,932.38239
1571,13.083,-305.89688,-138.74153,1027.40674,-329.65729,63.94124,1068.43555,-445.32104,-102.43193,1030.02881,-456.16345,22.39237,1039.73059,-498.06787,-117.95196,932.58795
1572,13.092,-305.89688,-138.74153,1027.40674,-330.15378,64.10038,1068.35071,-445.35483,-102.52161,1029.95288,-455.80048,22.50877,1039.9259,-497.77054,-118.51564,932.24139
1573,13.1,-305.89688,-138.74153,1027.40674,-329.65729,63.94124,1068.43555,-445.32104,-102.43193,1030.02881,-456.16345,22.39237,1039.73059,-497.90161,-118.41797,932.38239
1574,13.108,-305.89688,-138.74153,1027.40674,-329.65729,63.94124,1068.43555,-445.56366,-102.32219,1030.11499,-456.16345,22.39237,1039.73059,-497.77054,-118.51564,932.24139
1575,13.117,-305.89688,-138.74153,1027.40674,-329.65729,63.94124,1068.43555,-445.59747,-102.41185,1030.03918,-456.1723,22.58161,1039.87402,-497.60602,-118.34489,931.97296
1576,13.125,-305.89688,-138.74153,1027.40674,-329.65729,63.94124,1068.43555,-445.35483,-102.52161,1029.95288,-455.79166,22.31954,1039.78247,-497.69739,-118.07925,932.06244
1577,13.133,-305.89688,-138.74153,1027.40674,-329.65729,63.94124,1068.43555,-445.59747,-102.41185,1030.03918,-455.80048,22.50877,1039.9259,-497.61749,-118.50925,932.45618
1578,13.142,-305.89688,-138.74153,1027.40674,-329.65729,63.94124,1068.43555,-445.55588,-102.311,1029.98193,-455.80048,22.50877,1039.9259,-497.77054,-118.51564,932.24139
1579,13.15,-305.89688,-138.74153,1027.40674,-329.65729,63.94124,1068.43555,-445.35483,-102.52161,1029.95288,-455.80048,22.50877,1039.9259,-497.77054,-118.51564,932.24139
1580,13.158,-305.89688,-138.74153,1027.40674,-329.65729,63.94124,1068.43555,-445.59747,-102.41185,1030.03918,-456.1723,22.58161,1039.87402,-497.77054,-118.51564,932.24139
1581,13.167,-305.89688,-138.74153,1027.40674,-329.74069,64.62718,1068.4342,-445.35483,-102.52161,1029.95288,-455.80048,22.50877,1039.9259,-498.06366,-118.47409,932.30487
1582,13.175,-305.89688,-138.74153,1027.40674,-329.74069,64.62718,1068.4342,-445.56366,-102.32219,1030.11499,-455.80048,22.50877,1039.9259,-497.77054,-118.51564,932.24139
1583,13.183,-305.89688,-138.74153,1027.40674,-329.74069,64.62718,1068.4342,-445.32104,-102.43193,1030.02881,-455.80048,22.50877,1039.9259,-497.90161,-118.41797,932.38239
1584,13.192,-305.89688,-138.74153,1027.40674,-329.74069,64.62718,1068.4342,-445.32104,-102.43193,1030.02881,-455.68192,22.37725,1039.9375,-498.06366,-118.47409,932.30487
1585,13.2,-305.89688,-138.74153,1027.40674,-329.74069,64.62718,1068.4342,-445.32104,-102.43193,1030.02881,-455.5777,22.41485,1040.02087,-498.26685,-118.1868,932.56647
1586,13.208,-305.89688,-138.74153,1027.40674,-329.74069,64.62718,1068.4342,-445.32104,-102.43193,1030.02881,-455.36942,22.49053,1040.18774,-497.97369,-118.22843,932.50293
1587,13.217,-305.89688,-138.74153,1027.40674,-329.74069,64.62718,1068.4342,-445.32104,-102.43193,1030.02881,-455.24127,22.34321,1040.23022,-497.9097,-118.46256,932.50598
1588,13.225,-305.89688,-138.74153,1027.40674,-329.74069,64.62718,1068.4342,-445.32104,-102.43193,1030.02881,-455.22061,22.17491,1040.22253,-498.39343,-118.48261,932.5022
1589,13.233,-305.65369,-138.67828,1027.43848,-329.74069,64.62718,1068.4342,-445.32104,-102.43193,1030.02881,-455.27887,22.45012,1040.11682,-498.26685,-118.1868,932.56647
1590,13.242,-305.65369,-138.67828,1027.43848,-329.74069,64.62718,1068.4342,-445.15271,-102.34778,1029.99329,-455.27887,22.45012,1040.11682,-498.36102,-117.91031,932.65143
1591,13.25,-305.65369,-138.67828,1027.43848,-329.74069,64.62718,1068.4342,-445.32104,-102.43193,1030.02881,-455.40701,22.59741,1040.07434,-498.46555,-118.29307,932.6228
1592,13.258,-305.65369,-138.67828,1027.43848,-330.23703,64.78615,1068.34937,-445.32104,-102.43193,1030.02881,-455.31119,22.21533,1040.29346,-498.26685,-118.1868,932.56647
1593,13.267,-305.61429,-138.69759,1027.40137,-330.23703,64.78615,1068.34937,-445.15271,-102.34778,1029.99329,-455.40701,22.59741,1040.07434,-498.26685,-118.1868,932.56647
1594,13.275,-305.37347,-138.63327,1027.43542,-329.74069,64.62718,1068.4342,-445.15271,-102.34778,1029.99329,-455.40701,22.59741,1040.07434,-498.36102,-117.91031,932.65143
1595,13.283,-305.41565,-138.87987,1027.30786,-330.23703,64.78615,1068.34937,-445.15271,-102.34778,1029.99329,-455.27887,22.45012,1040.11682,-498.36102,-117.91031,932.65143
1596,13.292,-305.37347,-138.63327,1027.43542,-329.74069,64.62718,1068.4342,-445.32104,-102.43193,1030.02881,-455.24127,22.34321,1040.23022,-497.97369,-118.22843,932.50293
1597,13.3,-305.17813,-138.75323,1027.43188,-330.23703,64.78615,1068.34937,-445.15271,-102.34778,1029.99329,-455.22061,22.17491,1040.22253,-497.97369,-118.22843,932.50293
1598,13.308,-305.11514,-138.83713,1027.29663,-330.23703,64.78615,1068.34937,-445.15271,-102.34778,1029.99329,-455.27887,22.45012,1040.11682,-498.26685,-118.1868,932.56647
1599,13.317,-305.08102,-138.76897,1027.26208,-330.23703,64.78615,1068.34937,-445.15271,-102.34778,1029.99329,-455.40701,22.59741,1040.07434,-498.58752,-117.83251,932.57861
1600,13.325,-305.32184,-138.83328,1027.22803,-329.74069,64.62718,1068.4342,-445.15271,-102.34778,1029.99329,-455.40701,22.59741,1040.07434,-498.58752,-117.83251,932.57861
1601,13.333,-305.19,-139.13887,1026.96252,-330.23703,64.78615,1068.34937,-445.15271,-102.34778,1029.99329,-455.31119,22.21533,1040.29346,-498.26685,-118.1868,932.56647
1602,13.342,-305.29034,-139.06087,1027.22217,-330.23703,64.78615,1068.34937,-445.32104,-102.43193,1030.02881,-455.34882,22.32223,1040.18005,-498.26685,-118.1868,932.56647
1603,13.35,-305.37347,-138.63327,1027.43542,-330.23703,64.78615,1068.34937,-445.15271,-102.34778,1029.99329,-455.40701,22.59741,1040.07434,-498.55972,-118.01659,932.70776
1604,13.358,-305.14224,-139.17033,1026.90601,-330.23703,64.78615,1068.34937,-445.15271,-102.34778,1029.99329,-455.40701,22.59741,1040.07434,-498.36102,-117.91031,932.65143
1605,13.367,-305.50174,-139.13736,1026.68225,-330.23703,64.78615,1068.34937,-445.32104,-102.43193,1030.02881,-455.40701,22.59741,1040.07434,-498.55972,-118.01659,932.70776
1606,13.375,-305.44568,-139.21121,1026.92078,-330.23703,64.78615,1068.34937,-445.32104,-102.43193,1030.02881,-455.34882,22.32223,1040.18005,-498.46555,-118.29307,932.6228
1607,13.383,-305.50174,-139.13736,1026.68225,-330.23703,64.78615,1068.34937,-445.32104,-102.43193,1030.02881,-455.62372,22.10208,1040.04309,-498.26685,-118.1868,932.56647
1608,13.392,-305.63577,-138.94302,1026.55652,-330.23703,64.78615,1068.34937,-445.32104,-102.43193,1030.02881,-455.46628,22.25548,1040.10266,-498.46555,-118.29307,932.6228
1609,13.4,-305.50174,-139.13736,1026.68225,-329.74069,64.62718,1068.4342,-445.32104,-102.43193,1030.02881,-455.5195,22.13968,1040.12646,-498.69202,-118.21524,932.54999
1610,13.408,-305.7605,-138.92024,1026.46265,-330.23703,64.78615,1068.34937,-445.32104,-102.43193,1030.02881,-455.44955,22.26756,1040.06335,-498.39343,-118.48261,932.5022
1611,13.417,-305.7605,-138.92024,1026.46265,-330.23703,64.78615,1068.34937,-445.32104,-102.43193,1030.02881,-455.49554,21.95477,1040.08569,-498.39343,-118.48261,932.5022
1612,13.425,-305.89468,-138.72594,1026.33691,-330.23703,64.78615,1068.34937,-445.18649,-102.43746,1029.91748,-455.54492,22.04074,1039.83655,-497.77054,-118.51564,932.24139
1613,13.433,-305.79449,-138.82077,1026.27576,-330.23703,64.78615,1068.34937,-445.35483,-102.52161,1029.95288,-455.54492,22.04074,1039.83655,-498.22992,-118.0081,932.51044
1614,13.442,-305.79449,-138.82077,1026.27576,-330.23703,64.78615,1068.34937,-445.35483,-102.52161,1029.95288,-455.6731,22.18804,1039.79395,-498.06366,-118.47409,932.30487
1615,13.45,-305.79449,-138.82077,1026.27576,-330.23703,64.78615,1068.34937,-445.379,-102.73393,1029.87476,-455.48672,21.76558,1039.94226,-498.16403,-118.99154,932.34723
1616,13.458,-305.8978,-138.99515,1026.2428,-330.23703,64.78615,1068.34937,-445.379,-102.73393,1029.87476,-455.48672,21.76558,1039.94226,-498.16403,-118.99154,932.34723
1617,13.467,-305.96927,-139.09984,1026.30688,-330.23703,64.78615,1068.34937,-445.31818,-102.87946,1029.8175,-455.48672,21.76558,1039.94226,-497.98276,-118.66265,932.28076
1618,13.475,-305.96927,-139.09984,1026.30688,-330.23703,64.78615,1068.34937,-445.31818,-102.87946,1029.8175,-455.54492,22.04074,1039.83655,-497.98276,-118.66265,932.28076
1619,13.483,-305.76361,-139.18945,1026.36853,-329.74069,64.62718,1068.4342,-445.31818,-102.87946,1029.8175,-455.54492,22.04074,1039.83655,-498.27585,-118.62102,932.34424
1620,13.492,-305.76361,-139.18945,1026.36853,-329.74069,64.62718,1068.4342,-445.31033,-102.86828,1029.68445,-455.29279,21.71509,1040.18066,-498.28894,-118.71796,932.06506
1621,13.5,-305.84766,-139.55618,1026.45325,-329.65729,63.94124,1068.43555,-445.31033,-102.86828,1029.68445,-455.39767,21.61992,1040.01733,-498.07672,-118.57104,932.0257
1622,13.508,-305.84766,-139.55618,1026.45325,-329.65729,63.94124,1068.43555,-445.31818,-102.87946,1029.8175,-455.48672,21.76558,1039.94226,-498.06366,-118.47409,932.30487
1623,13.517,-305.86337,-139.52475,1026.22913,-329.65729,63.94124,1068.43555,-445.31818,-102.87946,1029.8175,-455.30499,21.55678,1040.15796,-498.2901,-118.39635,932.23212
1624,13.525,-306.05331,-139.46658,1026.39148,-329.65729,63.94124,1068.43555,-445.31033,-102.86828,1029.68445,-455.20374,21.56939,1040.25574,-498.28894,-118.71796,932.06506
1625,13.533,-305.84766,-139.55618,1026.45325,-329.65729,63.94124,1068.43555,-445.31033,-102.86828,1029.68445,-455.39767,21.61992,1040.01733,-497.56671,-118.90118,931.69312
1626,13.542,-305.72931,-139.71906,1026.35486,-329.65729,63.94124,1068.43555,-445.31033,-102.86828,1029.68445,-455.39767,21.61992,1040.01733,-497.89075,-118.67765,931.72955
1627,13.55,-305.72931,-139.71906,1026.35486,-329.65729,63.94124,1068.43555,-445.31033,-102.86828,1029.68445,-455.39767,21.61992,1040.01733,-497.60666,-118.76896,931.80334
1628,13.558,-305.72931,-139.71906,1026.35486,-329.65729,63.94124,1068.43555,-445.31033,-102.86828,1029.68445,-455.20374,21.56939,1040.25574,-497.49954,-118.70383,932.03595
1629,13.567,-305.72931,-139.71906,1026.35486,-329.65729,63.94124,1068.43555,-445.14844,-102.90398,1029.58215,-455.20374,21.56939,1040.25574,-497.92743,-118.93052,931.93329
1630,13.575,-305.72931,-139.71906,1026.35486,-329.65729,63.94124,1068.43555,-445.14844,-102.90398,1029.58215,-455.34021,21.43803,1039.90088,-497.77893,-119.04816,931.73248
1631,13.583,-305.72931,-139.71906,1026.35486,-329.65729,63.94124,1068.43555,-445.14844,-102.90398,1029.58215,-455.39767,21.61992,1040.01733,-497.9946,-119.12796,931.59045
1632,13.592,-305.72931,-139.71906,1026.35486,-329.65729,63.94124,1068.43555,-445.31033,-102.86828,1029.68445,-455.33511,21.40445,1040.07739,-497.8223,-118.84859,931.66125
1633,13.6,-305.72931,-139.71906,1026.35486,-329.65729,63.94124,1068.43555,-445.14844,-102.90398,1029.58215,-455.23383,21.41707,1040.17517,-497.81766,-118.9726,931.5672
1634,13.608,-305.72931,-139.71906,1026.35486,-329.65729,63.94124,1068.43555,-445.14844,-102.90398,1029.58215,-455.33511,21.40445,1040.07739,-497.81766,-118.9726,931.5672
1635,13.617,-305.72931,-139.71906,1026.35486,-329.65729,63.94124,1068.43555,-445.14844,-102.90398,1029.58215,-455.30499,21.55678,1040.15796,-497.81766,-118.9726,931.5672
1636,13.625,-305.72931,-139.71906,1026.35486,-329.65729,63.94124,1068.43555,-445.14844,-102.90398,1029.58215,-455.33511,21.40445,1040.07739,-497.81766,-118.9726,931.5672
1637,13.633,-305.72931,-139.71906,1026.35486,-329.65729,63.94124,1068.43555,-445.095,-103.03445,1029.65234,-455.33511,21.40445,1040.07739,-497.81766,-118.9726,931.5672
1638,13.642,-305.81412,-139.72223,1026.25806,-329.65729,63.94124,1068.43555,-445.095,-103.03445,1029.65234,-455.23383,21.41707,1040.17517,-497.74207,-119.55106,931.58527
1639,13.65,-305.72931,-139.71906,1026.35486,-329.65729,63.94124,1068.43555,-445.095,-103.03445,1029.65234,-455.16083,21.03194,1040.03357,-497.70584,-119.34306,931.57019
1640,13.658,-305.60413,-139.69876,1026.18726,-329.65729,63.94124,1068.43555,-445.14844,-102.90398,1029.58215,-455.33511,21.40445,1040.07739,-497.70584,-119.34306,931.57019
1641,13.667,-305.81412,-139.72223,1026.25806,-329.65729,63.94124,1068.43555,-445.12662,-103.1486,1029.57593,-455.06436,21.30408,1040.14624,-497.81766,-118.9726,931.5672
1642,13.675,-305.37183,-139.70216,1026.01343,-329.65729,63.94124,1068.43555,-445.095,-103.03445,1029.65234,-455.03427,21.45642,1040.22681,-497.81766,-118.9726,931.5672
1643,13.683,-305.60413,-139.69876,1026.18726,-329.65729,63.94124,1068.43555,-445.095,-103.03445,1029.65234,-455.06436,21.30408,1040.14624,-497.70584,-119.34306,931.57019
1644,13.692,-305.37183,-139.70216,1026.01343,-329.65729,63.94124,1068.43555,-444.92667,-102.95033,1029.61694,-454.9201,20.77919,1040.02185,-497.70584,-119.34306,931.57019
1645,13.7,-305.20667,-139.76126,1026.05566,-329.07349,63.90136,1068.16174,-445.095,-103.03445,1029.65234,-454.97171,20.92895,1040.15991,-497.9899,-119.25195,931.49646
1646,13.708,-305.08148,-139.74091,1025.88794,-329.07349,63.90136,1068.16174,-445.095,-103.03445,1029.65234,-455.03427,21.45642,1040.22681,-498.10175,-118.88147,931.49347
1647,13.717,-305.08148,-139.74091,1025.88794,-329.07349,63.90136,1068.16174,-444.92667,-102.95033,1029.61694,-455.03427,21.45642,1040.22681,-497.70584,-119.34306,931.57019
1648,13.725,-305.08148,-139.74091,1025.88794,-329.07349,63.90136,1068.16174,-444.92667,-102.95033,1029.61694,-454.94162,21.08128,1040.24048,-497.70584,-119.34306,931.57019
1649,13.733,-305.08148,-139.74091,1025.88794,-329.07349,63.90136,1068.16174,-444.76553,-103.11974,1029.67664,-454.94162,21.08128,1040.24048,-497.42181,-119.4343,931.64392
1650,13.742,-305.08148,-139.74091,1025.88794,-329.07349,63.90136,1068.16174,-444.76553,-103.11974,1029.67664,-455.03427,21.45642,1040.22681,-497.66348,-119.48525,932.12982
1651,13.75,-305.08148,-139.74091,1025.88794,-328.39294,63.7847,1068.02148,-444.76553,-103.11974,1029.67664,-454.85727,21.51989,1039.99817,-497.45129,-119.33833,932.09045
1652,13.758,-304.73764,-139.70276,1025.85986,-328.39294,63.7847,1068.02148,-444.76553,-103.11974,1029.67664,-455.03427,21.45642,1040.22681,-497.77652,-119.54555,931.79205
1653,13.767,-304.78683,-139.50523,1025.83093,-328.39294,63.7847,1068.02148,-444.76553,-103.11974,1029.67664,-454.823,21.24502,1040.25232,-497.60342,-119.15405,931.89691
1654,13.775,-304.73764,-139.70276,1025.85986,-329.07349,63.90136,1068.16174,-444.76553,-103.11974,1029.67664,-454.91568,21.62016,1040.23865,-497.42114,-119.01035,931.81366
1655,13.783,-304.65283,-139.69958,1025.95679,-328.47672,64.47097,1068.02014,-444.77335,-103.13091,1029.80969,-454.73865,21.68365,1040.01001,-497.80255,-119.20404,932.21552
1656,13.792,-304.65283,-139.69958,1025.95679,-328.47672,64.47097,1068.02014,-444.93448,-102.96151,1029.75,-454.73865,21.68365,1040.01001,-497.59033,-119.05709,932.17615
1657,13.8,-304.65283,-139.69958,1025.95679,-328.47672,64.47097,1068.02014,-444.77335,-103.13091,1029.80969,-454.51086,21.27602,1039.94043,-497.40125,-119.18355,932.26337
1658,13.808,-304.65283,-139.69958,1025.95679,-328.47672,64.47097,1068.02014,-444.77335,-103.13091,1029.80969,-454.51086,21.27602,1039.94043,-497.59033,-119.05709,932.17615
1659,13.817,-304.65283,-139.69958,1025.95679,-328.47672,64.47097,1068.02014,-444.77335,-103.13091,1029.80969,-454.91568,21.62016,1040.23865,-497.65875,-118.88619,932.24438
1660,13.825,-304.65283,-139.69958,1025.95679,-328.47672,64.47097,1068.02014,-444.77335,-103.13091,1029.80969,-454.60352,21.65121,1039.92664,-497.98276,-118.66265,932.28076
1661,13.833,-304.43484,-139.52713,1025.9978,-328.47672,64.47097,1068.02014,-444.50702,-103.11286,1029.91235,-454.60352,21.65121,1039.92664,-497.48642,-118.60688,932.31519
1662,13.842,-304.43484,-139.52713,1025.9978,-328.47672,64.47097,1068.02014,-444.47546,-102.99869,1029.98889,-454.7475,21.8728,1040.15332,-497.65875,-118.88619,932.24438
1663,13.85,-304.43484,-139.52713,1025.9978,-328.47672,64.47097,1068.02014,-444.57349,-102.93278,1029.85083,-454.65485,21.49759,1040.16699,-497.65875,-118.88619,932.24438
1664,13.858,-304.78683,-139.50523,1025.83093,-328.47672,64.47097,1068.02014,-444.57349,-102.93278,1029.85083,-454.60352,21.65121,1039.92664,-497.37469,-118.9774,932.31818
1665,13.867,-304.43484,-139.52713,1025.9978,-328.47672,64.47097,1068.02014,-444.45129,-102.78637,1030.06702,-454.61237,21.84037,1040.07007,-497.77054,-118.51564,932.24139
1666,13.875,-304.56885,-139.33276,1025.87195,-328.47672,64.47097,1068.02014,-444.45129,-102.78637,1030.06702,-454.49377,21.70873,1040.08167,-497.48642,-118.60688,932.31519
1667,13.883,-304.56885,-139.33276,1025.87195,-328.47672,64.47097,1068.02014,-444.1312,-102.85872,1030.08313,-454.44733,21.73792,1040.03442,-497.37469,-118.9774,932.31818
1668,13.892,-304.56885,-139.33276,1025.87195,-328.47672,64.47097,1068.02014,-444.22925,-102.79281,1029.94507,-454.49377,21.70873,1040.08167,-497.48642,-118.60688,932.31519
1669,13.9,-304.51163,-139.16597,1025.64771,-328.47672,64.47097,1068.02014,-444.54932,-102.72045,1029.92896,-454.49377,21.70873,1040.08167,-497.48642,-118.60688,932.31519
1670,13.908,-304.56885,-139.33276,1025.87195,-328.47672,64.47097,1068.02014,-444.45129,-102.78637,1030.06702,-454.49377,21.70873,1040.08167,-497.48642,-118.60688,932.31519
1671,13.917,-304.59644,-139.16914,1025.55078,-328.47672,64.47097,1068.02014,-443.88821,-102.95088,1030.09229,-454.35715,21.89929,1040.12952,-497.37469,-118.9774,932.31818
1672,13.925,-304.50519,-139.0831,1025.47461,-328.47672,64.47097,1068.02014,-443.93942,-102.84485,1030.02136,-454.49377,21.70873,1040.08167,-497.37469,-118.9774,932.31818
1673,13.933,-304.54028,-138.81255,1025.53479,-328.47672,64.47097,1068.02014,-444.04529,-102.79015,1030.01636,-454.35715,21.89929,1040.12952,-497.48642,-118.60688,932.31519
1674,13.942,-304.32962,-138.61725,1025.51855,-328.47672,64.47097,1068.02014,-444.22925,-102.79281,1029.94507,-454.35715,21.89929,1040.12952,-497.48642,-118.60688,932.31519
1675,13.95,-304.32962,-138.61725,1025.51855,-328.47672,64.47097,1068.02014,-444.12338,-102.84752,1029.95007,-454.35715,21.89929,1040.12952,-497.48642,-118.60688,932.31519
1676,13.958,-304.43506,-138.77632,1025.50574,-328.47672,64.47097,1068.02014,-444.17459,-102.74147,1029.87915,-454.47574,22.03094,1040.11792,-497.37469,-118.9774,932.31818
1677,13.967,-304.43506,-138.77632,1025.50574,-328.47672,64.47097,1068.02014,-444.03748,-102.77898,1029.8833,-454.19211,21.79683,1040.09387,-496.97479,-118.83508,931.98517
1678,13.975,-304.32803,-138.7357,1025.59363,-328.47672,64.47097,1068.02014,-444.03748,-102.77898,1029.8833,-454.19211,21.79683,1040.09387,-497.48642,-118.60688,932.31519
1679,13.983,-304.54028,-138.81255,1025.53479,-328.47672,64.47097,1068.02014,-443.89603,-102.96205,1030.22534,-454.35715,21.89929,1040.12952,-497.25113,-118.63537,932.25061
1680,13.992,-304.35019,-139.17308,1025.75769,-328.47672,64.47097,1068.02014,-443.88821,-102.95088,1030.09229,-454.19211,21.79683,1040.09387,-497.11078,-118.74529,932.45935
1681,14,-304.1174,-138.54037,1025.57739,-328.47672,64.47097,1068.02014,-443.88821,-102.95088,1030.09229,-454.19211,21.79683,1040.09387,-496.99905,-119.11576,932.46234
1682,14.008,-303.98331,-138.73482,1025.70325,-328.47672,64.47097,1068.02014,-443.69089,-102.81097,1030.06653,-454.19211,21.79683,1040.09387,-497.08655,-118.46458,931.98218
1683,14.017,-303.98331,-138.73482,1025.70325,-328.47672,64.47097,1068.02014,-443.69089,-102.81097,1030.06653,-454.19211,21.79683,1040.09387,-496.94171,-118.45739,932.28876
1684,14.025,-304.1174,-138.54037,1025.57739,-328.47672,64.47097,1068.02014,-443.69873,-102.82214,1030.19958,-454.19211,21.79683,1040.09387,-497.31876,-118.32876,932.46906
1685,14.033,-303.97684,-138.65192,1025.53003,-328.47672,64.47097,1068.02014,-443.57114,-103.14766,1030.18896,-454.19211,21.79683,1040.09387,-497.10629,-118.62817,932.55719
1686,14.042,-303.84271,-138.84636,1025.65588,-328.47672,64.47097,1068.02014,-443.63257,-103.05518,1030.34351,-454.19211,21.79683,1040.09387,-496.91043,-119.00061,932.64233
1687,14.05,-303.87766,-138.98291,1025.86011,-328.47672,64.47097,1068.02014,-443.44907,-103.00884,1030.08875,-454.19211,21.79683,1040.09387,-496.91043,-119.00061,932.64233
1688,14.058,-303.87766,-138.98291,1025.86011,-328.47672,64.47097,1068.02014,-443.44907,-103.00884,1030.08875,-454.19211,21.79683,1040.09387,-497.02216,-118.6301,932.63934
1689,14.067,-304.01178,-138.7885,1025.73425,-328.47672,64.47097,1068.02014,-443.27652,-103.12536,1030.39856,-454.19211,21.79683,1040.09387,-496.85754,-118.45932,932.37091
1690,14.075,-303.97684,-138.65192,1025.53003,-328.47672,64.47097,1068.02014,-443.26868,-103.11422,1030.2655,-454.19211,21.79683,1040.09387,-496.72482,-118.66197,932.34113
1691,14.083,-303.84271,-138.84636,1025.65588,-328.47672,64.47097,1068.02014,-443.26868,-103.11422,1030.2655,-454.19211,21.79683,1040.09387,-496.72482,-118.66197,932.34113
1692,14.092,-303.97684,-138.65192,1025.53003,-328.47672,64.47097,1068.02014,-443.26868,-103.11422,1030.2655,-454.19211,21.79683,1040.09387,-496.72482,-118.66197,932.34113
1693,14.1,-303.84271,-138.84636,1025.65588,-328.47672,64.47097,1068.02014,-443.44907,-103.00884,1030.08875,-454.19211,21.79683,1040.09387,-496.88947,-118.83274,932.60956
1694,14.108,-303.84271,-138.84636,1025.65588,-328.47672,64.47097,1068.02014,-443.39075,-103.25304,1030.36572,-454.19211,21.79683,1040.09387,-496.57147,-119.07944,932.2981
1695,14.117,-303.84271,-138.84636,1025.65588,-328.47672,64.47097,1068.02014,-443.26868,-103.11422,1030.2655,-454.19211,21.79683,1040.09387,-496.63834,-119.10561,932.26056
1696,14.125,-304.15237,-138.67697,1025.78162,-328.47672,64.47097,1068.02014,-443.44907,-103.00884,1030.08875,-454.19211,21.79683,1040.09387,-496.69186,-119.13481,932.18408
1697,14.133,-304.15237,-138.67697,1025.78162,-328.47672,64.47097,1068.02014,-443.44907,-103.00884,1030.08875,-454.19211,21.79683,1040.09387,-496.51898,-118.63206,932.13855
1698,14.142,-304.01825,-138.87138,1025.90747,-328.47672,64.47097,1068.02014,-443.44907,-103.00884,1030.08875,-454.19211,21.79683,1040.09387,-496.94394,-118.65447,931.97241
1699,14.15,-304.15237,-138.67697,1025.78162,-328.47672,64.47097,1068.02014,-443.44907,-103.00884,1030.08875,-454.19211,21.79683,1040.09387,-496.68369,-118.80287,932.40698
1700,14.158,-304.01825,-138.87138,1025.90747,-328.47672,64.47097,1068.02014,-443.39075,-103.25304,1030.36572,-454.19211,21.79683,1040.09387,-496.85651,-119.30557,932.45258
1701,14.167,-303.88025,-138.90105,1026.00317,-328.47672,64.47097,1068.02014,-443.26868,-103.11422,1030.2655,-454.19211,21.79683,1040.09387,-496.6131,-119.03244,932.34406
1702,14.175,-304.13647,-138.70854,1026.00574,-328.47672,64.47097,1068.02014,-443.27652,-103.12536,1030.39856,-454.19211,21.79683,1040.09387,-496.88947,-118.83274,932.60956
1703,14.183,-304.01825,-138.87138,1025.90747,-328.47672,64.47097,1068.02014,-443.44907,-103.00884,1030.08875,-454.19211,21.79683,1040.09387,-496.64838,-119.50066,932.50397
1704,14.192,-303.88025,-138.90105,1026.00317,-328.47672,64.47097,1068.02014,-443.27652,-103.12536,1030.39856,-454.19211,21.79683,1040.09387,-496.77774,-119.20322,932.61255
1705,14.2,-303.99847,-138.7382,1026.10156,-328.47672,64.47097,1068.02014,-443.45691,-103.02,1030.2218,-454.19211,21.79683,1040.09387,-496.6131,-119.03244,932.34406
1706,14.208,-303.88025,-138.90105,1026.00317,-328.47672,64.47097,1068.02014,-443.69873,-102.82214,1030.19958,-454.19211,21.79683,1040.09387,-496.8652,-118.55212,932.13239
1707,14.217,-303.99847,-138.7382,1026.10156,-328.47672,64.47097,1068.02014,-443.45691,-103.02,1030.2218,-454.19211,21.79683,1040.09387,-497.16254,-118.52023,932.4306
1708,14.225,-303.99847,-138.7382,1026.10156,-328.47672,64.47097,1068.02014,-443.82077,-102.96095,1030.2998,-454.19211,21.79683,1040.09387,-496.91043,-119.00061,932.64233
1709,14.233,-304.01825,-138.87138,1025.90747,-328.47672,64.47097,1068.02014,-443.39856,-103.26418,1030.49866,-454.19211,21.79683,1040.09387,-496.91043,-119.00061,932.64233
1710,14.242,-303.88025,-138.90105,1026.00317,-328.47672,64.47097,1068.02014,-443.27652,-103.12536,1030.39856,-454.19211,21.79683,1040.09387,-496.77774,-119.20322,932.61255
1711,14.25,-304.01825,-138.87138,1025.90747,-328.47672,64.47097,1068.02014,-443.69873,-102.82214,1030.19958,-454.19211,21.79683,1040.09387,-497.10477,-118.44107,932.46967
1712,14.258,-304.1174,-138.54037,1025.57739,-328.47672,64.47097,1068.02014,-443.69873,-102.82214,1030.19958,-454.19211,21.79683,1040.09387,-497.48199,-118.48978,932.41302
1713,14.267,-304.1174,-138.54037,1025.57739,-328.47672,64.47097,1068.02014,-443.69873,-102.82214,1030.19958,-454.19211,21.79683,1040.09387,-497.48199,-118.48978,932.41302
1714,14.275,-304.13647,-138.70854,1026.00574,-328.47672,64.47097,1068.02014,-443.82077,-102.96095,1030.2998,-454.35715,21.89929,1040.12952,-497.1394,-119.00587,932.25366
1715,14.283,-304.01825,-138.87138,1025.90747,-328.47672,64.47097,1068.02014,-443.82077,-102.96095,1030.2998,-454.19211,21.79683,1040.09387,-496.99686,-119.19573,932.2439
1716,14.292,-304.15237,-138.67697,1025.78162,-328.47672,64.47097,1068.02014,-443.82077,-102.96095,1030.2998,-454.35715,21.89929,1040.12952,-497.41113,-118.59555,932.39905
1717,14.3,-304.1174,-138.54037,1025.57739,-328.47672,64.47097,1068.02014,-443.82077,-102.96095,1030.2998,-454.35715,21.89929,1040.12952,-497.10858,-118.82526,932.24084
1718,14.308,-304.1015,-138.57198,1025.80151,-328.47672,64.47097,1068.02014,-443.82077,-102.96095,1030.2998,-454.35715,21.89929,1040.12952,-497.23212,-119.16729,932.30841
1719,14.317,-304.23563,-138.37753,1025.67566,-328.47672,64.47097,1068.02014,-443.69873,-102.82214,1030.19958,-454.47574,22.03094,1040.11792,-497.23212,-119.16729,932.30841
1720,14.325,-304.1174,-138.54037,1025.57739,-328.47672,64.47097,1068.02014,-443.82077,-102.96095,1030.2998,-454.35715,21.89929,1040.12952,-497.48642,-118.60688,932.31519
1721,14.333,-304.1174,-138.54037,1025.57739,-328.47672,64.47097,1068.02014,-444.05594,-102.85765,1030.15759,-454.35715,21.89929,1040.12952,-497.41595,-118.60732,932.42603
1722,14.342,-304.1015,-138.57198,1025.80151,-328.47672,64.47097,1068.02014,-444.05594,-102.85765,1030.15759,-454.49225,21.93174,1040.21277,-497.34387,-118.79681,932.30542
1723,14.35,-304.13647,-138.70854,1026.00574,-328.47672,64.47097,1068.02014,-443.89603,-102.96205,1030.22534,-454.61084,22.06338,1040.20117,-497.24619,-119.09748,932.56104
1724,14.358,-304.2706,-138.51413,1025.87988,-328.47672,64.47097,1068.02014,-443.82077,-102.96095,1030.2998,-454.47574,22.03094,1040.11792,-496.99905,-119.11576,932.46234
1725,14.367,-304.26382,-138.71356,1026.19348,-328.47672,64.47097,1068.02014,-443.89603,-102.96205,1030.22534,-454.61237,21.84037,1040.07007,-497.3103,-118.94407,932.70636
1726,14.375,-304.26382,-138.71356,1026.19348,-328.47672,64.47097,1068.02014,-444.37604,-102.78532,1030.14148,-454.61084,22.06338,1040.20117,-497.48642,-118.60688,932.31519
1727,14.383,-304.13647,-138.70854,1026.00574,-328.47672,64.47097,1068.02014,-444.37604,-102.78532,1030.14148,-454.6528,21.96743,1040.34668,-497.37469,-118.9774,932.31818
1728,14.392,-304.13647,-138.70854,1026.00574,-328.47672,64.47097,1068.02014,-444.37604,-102.78532,1030.14148,-454.61084,22.06338,1040.20117,-497.37469,-118.9774,932.31818
1729,14.4,-304.23563,-138.37753,1025.67566,-328.47672,64.47097,1068.02014,-444.37604,-102.78532,1030.14148,-454.7475,21.8728,1040.15332,-497.48642,-118.60688,932.31519
1730,14.408,-304.26382,-138.71356,1026.19348,-328.47672,64.47097,1068.02014,-443.82077,-102.96095,1030.2998,-454.7475,21.8728,1040.15332,-497.18283,-118.55579,932.57996
1731,14.417,-304.13647,-138.70854,1026.00574,-328.47672,64.47097,1068.02014,-443.82077,-102.96095,1030.2998,-454.7475,21.8728,1040.15332,-497.48642,-118.60688,932.31519
1732,14.425,-304.1015,-138.57198,1025.80151,-328.47672,64.47097,1068.02014,-443.89603,-102.96205,1030.22534,-454.7475,21.8728,1040.15332,-497.37469,-118.9774,932.31818
1733,14.433,-304.23563,-138.37753,1025.67566,-328.47672,64.47097,1068.02014,-444.18243,-102.75267,1030.01221,-454.7475,21.8728,1040.15332,-497.37469,-118.9774,932.31818
1734,14.442,-304.2706,-138.51413,1025.87988,-328.47672,64.47097,1068.02014,-444.6636,-102.51091,1029.93628,-454.92453,21.80934,1040.38196,-497.37469,-118.9774,932.31818
1735,14.45,-304.13647,-138.70854,1026.00574,-328.47672,64.47097,1068.02014,-444.45129,-102.78637,1030.06702,-454.92453,21.80934,1040.38196,-497.48642,-118.60688,932.31519
1736,14.458,-304.23563,-138.37753,1025.67566,-328.47672,64.47097,1068.02014,-444.45129,-102.78637,1030.06702,-454.92453,21.80934,1040.38196,-497.48642,-118.60688,932.31519
1737,14.467,-304.23563,-138.37753,1025.67566,-329.15707,64.58743,1068.1604,-444.45129,-102.78637,1030.06702,-455.09396,21.92231,1040.41101,-497.48642,-118.60688,932.31519
1738,14.475,-304.36298,-138.38258,1025.86353,-329.66202,64.7344,1068.11133,-444.71042,-102.55106,1029.86926,-455.09396,21.92231,1040.41101,-497.37469,-118.9774,932.31818
1739,14.483,-304.2706,-138.51413,1025.87988,-329.66202,64.7344,1068.11133,-444.71042,-102.55106,1029.86926,-455.09396,21.92231,1040.41101,-497.48642,-118.60688,932.31519
1740,14.492,-304.39795,-138.51917,1026.06775,-329.66202,64.7344,1068.11133,-444.34909,-102.63924,1030.1012,-454.91693,21.98577,1040.18225,-497.48642,-118.60688,932.31519
1741,14.5,-304.26382,-138.71356,1026.19348,-329.66202,64.7344,1068.11133,-444.47546,-102.99869,1029.98889,-455.09396,21.92231,1040.41101,-497.37469,-118.9774,932.31818
1742,14.508,-304.49677,-138.9391,1026.22974,-329.66202,64.7344,1068.11133,-444.6124,-102.61695,1030.0072,-455.09396,21.92231,1040.41101,-497.37469,-118.9774,932.31818
1743,14.517,-304.74997,-138.89261,1026.35718,-329.66202,64.7344,1068.11133,-444.71042,-102.55106,1029.86926,-455.09396,21.92231,1040.41101,-497.77054,-118.51564,932.24139
1744,14.525,-304.74997,-138.89261,1026.35718,-329.66202,64.7344,1068.11133,-444.87875,-102.63505,1029.90454,-455.21255,21.75858,1040.39917,-497.48642,-118.60688,932.31519
1745,14.533,-304.74609,-138.72791,1026.32727,-329.66202,64.7344,1068.11133,-444.83194,-102.5949,1029.97168,-455.21255,21.75858,1040.39917,-497.37469,-118.9774,932.31818
1746,14.542,-304.61194,-138.92227,1026.453,-329.66202,64.7344,1068.11133,-444.78073,-102.70093,1030.0426,-455.21255,21.75858,1040.39917,-497.24619,-119.09748,932.56104
1747,14.55,-304.61194,-138.92227,1026.453,-330.23703,64.78615,1068.34937,-444.87875,-102.63505,1029.90454,-455.21255,21.75858,1040.39917,-497.37469,-118.9774,932.31818
1748,14.558,-304.7254,-138.82053,1026.51221,-330.23703,64.78615,1068.34937,-444.92996,-102.52903,1029.83362,-455.39133,21.99235,1040.16907,-497.48642,-118.60688,932.31519
1749,14.567,-304.7254,-138.82053,1026.51221,-330.23703,64.78615,1068.34937,-445.09186,-102.49334,1029.93604,-455.53107,22.03899,1040.18384,-497.48642,-118.60688,932.31519
1750,14.575,-304.7254,-138.82053,1026.51221,-330.23703,64.78615,1068.34937,-445.09186,-102.49334,1029.93604,-455.42981,22.05163,1040.28162,-497.37469,-118.9774,932.31818
1751,14.583,-304.96609,-138.92964,1026.52771,-330.23703,64.78615,1068.34937,-445.09186,-102.49334,1029.93604,-455.62372,22.10208,1040.04309,-497.37469,-118.9774,932.31818
1752,14.592,-304.66943,-138.89438,1026.75073,-330.23703,64.78615,1068.34937,-445.26019,-102.57749,1029.97144,-455.74228,22.23359,1040.03162,-497.37469,-118.9774,932.31818
1753,14.6,-305.07956,-138.8279,1026.58704,-330.23703,64.78615,1068.34937,-445.29398,-102.66717,1029.89563,-456.16345,22.39237,1039.73059,-497.32187,-118.43612,932.04675
1754,14.608,-305.07956,-138.8279,1026.58704,-330.23703,64.78615,1068.34937,-445.29398,-102.66717,1029.89563,-456.16345,22.39237,1039.73059,-497.39441,-118.62187,931.76392
1755,14.617,-305.33228,-138.90215,1026.54175,-330.23703,64.78615,1068.34937,-445.31818,-102.87946,1029.8175,-456.10522,22.11719,1039.8363,-497.49954,-118.70383,932.03595
1756,14.625,-305.45703,-138.87938,1026.44788,-330.97934,64.35522,1068.11304,-445.31033,-102.86828,1029.68445,-456.10522,22.11719,1039.8363,-497.37469,-118.9774,932.31818
1757,14.633,-305.59119,-138.68504,1026.32214,-330.97934,64.35522,1068.11304,-445.31818,-102.87946,1029.8175,-456.13528,21.9649,1039.75574,-497.3194,-119.24525,931.97064
1758,14.642,-305.59119,-138.68504,1026.32214,-330.97934,64.35522,1068.11304,-445.31818,-102.87946,1029.8175,-456.13528,21.9649,1039.75574,-497.49826,-119.0721,931.62488
1759,14.65,-306.08502,-138.64554,1026.27527,-330.97934,64.35522,1068.11304,-445.31033,-102.86828,1029.68445,-456.16345,22.39237,1039.73059,-497.61005,-118.70158,931.62189
1760,14.658,-305.89468,-138.72594,1026.33691,-330.97934,64.35522,1068.11304,-445.31033,-102.86828,1029.68445,-456.2677,22.22345,1039.56689,-497.49359,-119.19611,931.53082
1761,14.667,-305.89468,-138.72594,1026.33691,-330.97934,64.35522,1068.11304,-445.31033,-102.86828,1029.68445,-456.20947,21.94828,1039.67261,-497.20956,-119.2873,931.60455
1762,14.675,-305.89468,-138.72594,1026.33691,-330.97934,64.35522,1068.11304,-445.31033,-102.86828,1029.68445,-456.2677,22.22345,1039.56689,-497.53824,-118.93987,931.73505
1763,14.683,-305.95087,-138.83986,1026.401,-330.97934,64.35522,1068.11304,-445.31818,-102.87946,1029.8175,-456.2677,22.22345,1039.56689,-497.60541,-118.82561,931.52783
1764,14.692,-305.95087,-138.83986,1026.401,-330.97934,64.35522,1068.11304,-445.56082,-102.76969,1029.90369,-456.17941,22.10056,1039.75317,-497.95425,-119.69799,931.62463
1765,14.7,-305.95087,-138.83986,1026.401,-330.97934,64.35522,1068.11304,-445.31818,-102.87946,1029.8175,-456.20947,21.94828,1039.67261,-497.95425,-119.69799,931.62463
1766,14.708,-305.70444,-138.99413,1026.70117,-330.97934,64.35522,1068.11304,-445.31818,-102.87946,1029.8175,-456.20947,21.94828,1039.67261,-497.70584,-119.34306,931.57019
1767,14.717,-305.92255,-139.00447,1026.77588,-330.97934,64.35522,1068.11304,-445.56082,-102.76969,1029.90369,-456.20947,21.94828,1039.67261,-497.70584,-119.34306,931.57019
1768,14.725,-305.64102,-139.09126,1026.92432,-330.97934,64.35522,1068.11304,-445.56082,-102.76969,1029.90369,-456.20947,21.94828,1039.67261,-498.11542,-118.80701,931.72479
1769,14.733,-305.57043,-139.18845,1026.8269,-331.64911,64.48709,1068.20874,-445.56082,-102.76969,1029.90369,-456.20947,21.94828,1039.67261,-498.4147,-118.67545,931.62256
1770,14.742,-305.64102,-139.09126,1026.92432,-331.64911,64.48709,1068.20874,-445.56082,-102.76969,1029.90369,-456.20947,21.94828,1039.67261,-498.41028,-118.55825,931.72034
1771,14.75,-305.44568,-139.21121,1026.92078,-331.64911,64.48709,1068.20874,-445.31818,-102.87946,1029.8175,-456.13528,21.9649,1039.75574,-498.27585,-118.62102,932.34424
1772,14.758,-305.64102,-139.09126,1026.92432,-330.97934,64.35522,1068.11304,-445.31818,-102.87946,1029.8175,-456.20947,21.94828,1039.67261,-497.95184,-118.84466,932.30792
1773,14.767,-305.44568,-139.21121,1026.92078,-330.97934,64.35522,1068.11304,-445.31818,-102.87946,1029.8175,-456.20947,21.94828,1039.67261,-498.35477,-119.35595,932.05719
1774,14.775,-305.44568,-139.21121,1026.92078,-331.64911,64.48709,1068.20874,-445.31818,-102.87946,1029.8175,-456.20947,21.94828,1039.67261,-498.17712,-119.08849,932.06805
1775,14.783,-305.44568,-139.21121,1026.92078,-330.97934,64.35522,1068.11304,-445.56082,-102.76969,1029.90369,-456.17941,22.10056,1039.75317,-498.4035,-119.01071,931.9953
1776,14.792,-305.54272,-139.1955,1027.09045,-330.97934,64.35522,1068.11304,-445.62167,-102.62417,1029.96106,-456.17941,22.10056,1039.75317,-498.2901,-118.39635,932.23212
1777,14.8,-305.50174,-139.13736,1026.68225,-330.97934,64.35522,1068.11304,-445.62167,-102.62417,1029.96106,-456.47977,21.97482,1039.70239,-498.50229,-118.54324,932.27148
1778,14.808,-305.44568,-139.21121,1026.92078,-330.97934,64.35522,1068.11304,-445.62167,-102.62417,1029.96106,-456.17941,22.10056,1039.75317,-498.30316,-118.49328,931.95294
1779,14.817,-305.57043,-139.18845,1026.8269,-330.97934,64.35522,1068.11304,-445.379,-102.73393,1029.87476,-456.37555,22.1437,1039.86609,-498.58112,-119.27816,931.98444
1780,14.825,-305.44568,-139.21121,1026.92078,-330.97934,64.35522,1068.11304,-445.62167,-102.62417,1029.96106,-456.10522,22.11719,1039.8363,-498.39044,-118.91377,932.27448
1781,14.833,-305.57043,-139.18845,1026.8269,-330.97934,64.35522,1068.11304,-445.56082,-102.76969,1029.90369,-456.10522,22.11719,1039.8363,-498.16403,-118.99154,932.34723
1782,14.842,-305.57043,-139.18845,1026.8269,-330.97934,64.35522,1068.11304,-445.31818,-102.87946,1029.8175,-456.13528,21.9649,1039.75574,-498.06366,-118.47409,932.30487
1783,14.85,-305.54272,-139.1955,1027.09045,-330.97934,64.35522,1068.11304,-445.62167,-102.62417,1029.96106,-456.10522,22.11719,1039.8363,-498.50229,-118.54324,932.27148
1784,14.858,-305.73807,-139.07555,1027.09412,-330.97934,64.35522,1068.11304,-445.379,-102.73393,1029.87476,-456.10522,22.11719,1039.8363,-498.39044,-118.91377,932.27448
1785,14.867,-305.69708,-139.01741,1026.68579,-330.97934,64.35522,1068.11304,-445.379,-102.73393,1029.87476,-456.10522,22.11719,1039.8363,-498.50229,-118.54324,932.27148
1786,14.875,-305.73807,-139.07555,1027.09412,-330.97934,64.35522,1068.11304,-445.77881,-102.66872,1030.16174,-456.10522,22.11719,1039.8363,-498.50229,-118.54324,932.27148
1787,14.883,-305.73807,-139.07555,1027.09412,-330.89612,63.66947,1068.11426,-445.379,-102.73393,1029.87476,-456.37555,22.1437,1039.86609,-498.50229,-118.54324,932.27148
1788,14.892,-305.73807,-139.07555,1027.09412,-331.3721,63.68966,1068.36938,-445.77881,-102.66872,1030.16174,-456.37555,22.1437,1039.86609,-498.39044,-118.91377,932.27448
1789,14.9,-305.76828,-138.98486,1027.23108,-331.4552,64.37531,1068.36804,-445.53616,-102.7785,1030.07544,-456.37555,22.1437,1039.86609,-498.50806,-118.77537,932.43243
1790,14.908,-305.73807,-139.07555,1027.09412,-331.4552,64.37531,1068.36804,-445.77881,-102.66872,1030.16174,-456.37555,22.1437,1039.86609,-498.39044,-118.91377,932.27448
1791,14.917,-305.76828,-138.98486,1027.23108,-331.4552,64.37531,1068.36804,-445.7254,-102.79916,1030.23193,-456.10522,22.11719,1039.8363,-498.50229,-118.54324,932.27148
1792,14.925,-305.73807,-139.07555,1027.09412,-331.3721,63.68966,1068.36938,-445.77881,-102.66872,1030.16174,-456.44974,22.12709,1039.78296,-498.6199,-118.4048,932.42944
1793,14.933,-305.7941,-139.00171,1026.85547,-331.3721,63.68966,1068.36938,-445.77881,-102.66872,1030.16174,-456.44974,22.12709,1039.78296,-498.72751,-118.90182,932.18817
1794,14.942,-305.7941,-139.00171,1026.85547,-332.02069,63.80944,1068.48315,-445.53616,-102.7785,1030.07544,-456.37555,22.1437,1039.86609,-498.84509,-118.76338,932.34613
1795,14.95,-305.73807,-139.07555,1027.09412,-332.02069,63.80944,1068.48315,-445.53616,-102.7785,1030.07544,-456.10522,22.11719,1039.8363,-498.6199,-118.4048,932.42944
1796,14.958,-305.73807,-139.07555,1027.09412,-332.44336,63.45867,1068.55554,-445.77881,-102.66872,1030.16174,-456.17941,22.10056,1039.75317,-498.39343,-118.48261,932.5022
1797,14.967,-305.73807,-139.07555,1027.09412,-331.79477,63.33893,1068.44189,-445.77881,-102.66872,1030.16174,-456.44974,22.12709,1039.78296,-498.50806,-118.77537,932.43243
1798,14.975,-305.76828,-138.98486,1027.23108,-332.44336,63.45867,1068.55554,-445.75464,-102.45641,1030.23987,-456.68423,21.97341,1039.9325,-498.50806,-118.77537,932.43243
1799,14.983,-305.73807,-139.07555,1027.09412,-332.44336,63.45867,1068.55554,-446.1261,-102.57703,1030.10938,-456.65421,22.12567,1040.01306,-498.50229,-118.54324,932.27148
1800,14.992,-305.98111,-139.25697,1027.02759,-331.79477,63.33893,1068.44189,-445.77881,-102.66872,1030.16174,-456.50797,22.40227,1039.67725,-498.6199,-118.4048,932.42944
1801,15,-305.73807,-139.07555,1027.09412,-332.44336,63.45867,1068.55554,-445.77881,-102.66872,1030.16174,-456.20947,21.94828,1039.67261,-498.84509,-118.76338,932.34613
1802,15.008,-305.73807,-139.07555,1027.09412,-332.44336,63.45867,1068.55554,-445.77881,-102.66872,1030.16174,-456.47977,21.97482,1039.70239,-498.72751,-118.90182,932.18817
1803,15.017,-305.73807,-139.07555,1027.09412,-332.44336,63.45867,1068.55554,-445.77881,-102.66872,1030.16174,-456.37555,22.1437,1039.86609,-498.39044,-118.91377,932.27448
1804,15.025,-306.21469,-139.62923,1027.15283,-332.44336,63.45867,1068.55554,-445.77881,-102.66872,1030.16174,-456.44974,22.12709,1039.78296,-498.50229,-118.54324,932.27148
1805,15.033,-306.21469,-139.62923,1027.15283,-332.44336,63.45867,1068.55554,-445.77881,-102.66872,1030.16174,-456.47977,21.97482,1039.70239,-498.50229,-118.54324,932.27148
1806,15.042,-306.24487,-139.53859,1027.28979,-332.44336,63.45867,1068.55554,-446.1261,-102.57703,1030.10938,-456.75842,21.95682,1039.84937,-498.50229,-118.54324,932.27148
1807,15.05,-306.21469,-139.62923,1027.15283,-332.44336,63.45867,1068.55554,-446.1261,-102.57703,1030.10938,-456.75842,21.95682,1039.84937,-498.50229,-118.54324,932.27148
1808,15.058,-306.18246,-139.72873,1027.61584,-332.44336,63.45867,1068.55554,-446.1261,-102.57703,1030.10938,-456.75842,21.95682,1039.84937,-498.50229,-118.54324,932.27148
1809,15.067,-306.55191,-139.41159,1027.6095,-332.44336,63.45867,1068.55554,-446.1261,-102.57703,1030.10938,-456.75842,21.95682,1039.84937,-498.50229,-118.54324,932.27148
1810,15.075,-306.35223,-139.31732,1027.64868,-332.86603,63.1081,1068.62805,-445.77881,-102.66872,1030.16174,-456.20947,21.94828,1039.67261,-498.72751,-118.90182,932.18817
1811,15.083,-306.25653,-139.48282,1027.6001,-332.86603,63.1081,1068.62805,-445.77881,-102.66872,1030.16174,-456.20947,21.94828,1039.67261,-498.39343,-118.48261,932.5022
1812,15.092,-306.38892,-139.21631,1027.80664,-332.44336,63.45867,1068.55554,-445.77881,-102.66872,1030.16174,-456.75842,21.95682,1039.84937,-498.27585,-118.62102,932.34424
1813,15.1,-306.25653,-139.48282,1027.6001,-332.86603,63.1081,1068.62805,-445.77881,-102.66872,1030.16174,-456.75842,21.95682,1039.84937,-498.50229,-118.54324,932.27148
1814,15.108,-306.38718,-139.46451,1027.92957,-332.86603,63.1081,1068.62805,-446.1261,-102.57703,1030.10938,-456.75842,21.95682,1039.84937,-498.50229,-118.54324,932.27148
1815,15.117,-306.18246,-139.72873,1027.61584,-332.50995,62.96634,1068.75903,-446.06708,-102.88068,1030.30908,-456.72839,22.10907,1039.92993,-498.84509,-118.76338,932.34613
1816,15.125,-306.50439,-139.63094,1027.92676,-332.50995,62.96634,1068.75903,-445.77881,-102.66872,1030.16174,-456.75842,21.95682,1039.84937,-498.61569,-119.27238,932.19116
1817,15.133,-306.18246,-139.72873,1027.61584,-332.86603,63.1081,1068.62805,-445.7254,-102.79916,1030.23193,-456.75842,21.95682,1039.84937,-498.50806,-118.77537,932.43243
1818,15.142,-306.18246,-139.72873,1027.61584,-331.97876,63.2218,1069.03149,-445.83667,-102.89455,1030.53931,-456.75842,21.95682,1039.84937,-498.6199,-118.4048,932.42944
1819,15.15,-305.98715,-139.84862,1027.61218,-331.97876,63.2218,1069.03149,-445.83105,-103.06773,1030.66858,-456.72839,22.10907,1039.92993,-498.46555,-118.29307,932.6228
1820,15.158,-305.98715,-139.84862,1027.61218,-331.97876,63.2218,1069.03149,-445.83105,-103.06773,1030.66858,-456.63663,21.7692,1040.13208,-498.39343,-118.48261,932.5022
1821,15.167,-305.95697,-139.93927,1027.47522,-331.97876,63.2218,1069.03149,-445.71982,-102.97237,1030.36133,-456.5925,21.63352,1040.13464,-498.50806,-118.77537,932.43243
1822,15.175,-305.98715,-139.84862,1027.61218,-331.29785,63.10463,1068.89087,-445.71982,-102.97237,1030.36133,-456.66666,21.61693,1040.05151,-498.50806,-118.77537,932.43243
1823,15.183,-305.98715,-139.84862,1027.61218,-331.97876,63.2218,1069.03149,-446.06708,-102.88068,1030.30908,-456.5925,21.63352,1040.13464,-498.50229,-118.54324,932.27148
1824,15.192,-305.77338,-140.2036,1027.70996,-331.97876,63.2218,1069.03149,-445.71982,-102.97237,1030.36133,-456.5925,21.63352,1040.13464,-498.50229,-118.54324,932.27148
1825,15.2,-305.77338,-140.2036,1027.70996,-331.4072,62.5782,1068.63538,-445.83105,-103.06773,1030.66858,-456.5925,21.63352,1040.13464,-498.28162,-118.85316,932.50519
1826,15.208,-305.77338,-140.2036,1027.70996,-332.08823,62.6955,1068.776,-445.71982,-102.97237,1030.36133,-456.31387,21.65151,1039.98767,-498.17712,-119.08849,932.06805
1827,15.217,-305.80359,-140.11295,1027.84692,-331.29785,63.10463,1068.89087,-445.65897,-103.11789,1030.30408,-456.38806,21.63491,1039.90466,-498.17712,-119.08849,932.06805
1828,15.225,-305.77338,-140.2036,1027.70996,-332.08823,62.6955,1068.776,-445.65897,-103.11789,1030.30408,-456.66666,21.61693,1040.05151,-498.16403,-118.99154,932.34723
1829,15.233,-305.96671,-140.34914,1027.84521,-332.18985,62.43238,1069.35583,-445.77023,-103.21326,1030.61133,-456.87244,21.29174,1040.09485,-498.61569,-119.27238,932.19116
1830,15.242,-305.77338,-140.2036,1027.70996,-332.18985,62.43238,1069.35583,-446.05203,-103.12105,1030.52258,-456.66666,21.61693,1040.05151,-498.58112,-119.27816,931.98444
1831,15.25,-305.77338,-140.2036,1027.70996,-331.50882,62.31515,1069.21521,-445.83105,-103.06773,1030.66858,-456.66666,21.61693,1040.05151,-498.58112,-119.27816,931.98444
1832,15.258,-305.80359,-140.11295,1027.84692,-332.08823,62.6955,1068.776,-445.77023,-103.21326,1030.61133,-456.66666,21.61693,1040.05151,-498.39044,-118.91377,932.27448
1833,15.267,-305.99689,-140.25848,1027.98218,-332.08823,62.6955,1068.776,-445.83105,-103.06773,1030.66858,-456.66666,21.61693,1040.05151,-498.4035,-119.01071,931.9953
1834,15.275,-305.80359,-140.11295,1027.84692,-332.18985,62.43238,1069.35583,-445.77023,-103.21326,1030.61133,-456.5925,21.63352,1040.13464,-498.61569,-119.27238,932.19116
1835,15.283,-305.89023,-140.2648,1028.17676,-332.18985,62.43238,1069.35583,-445.83105,-103.06773,1030.66858,-456.66666,21.61693,1040.05151,-498.38934,-119.35017,932.26392
1836,15.292,-305.99689,-140.25848,1027.98218,-332.18985,62.43238,1069.35583,-445.83105,-103.06773,1030.66858,-456.5925,21.63352,1040.13464,-498.73328,-119.13397,932.34912
1837,15.3,-305.99689,-140.25848,1027.98218,-332.18985,62.43238,1069.35583,-445.71982,-102.97237,1030.36133,-456.66666,21.61693,1040.05151,-498.61569,-119.27238,932.19116
1838,15.308,-305.99689,-140.25848,1027.98218,-332.18985,62.43238,1069.35583,-446.32077,-102.87137,1030.42041,-456.5925,21.63352,1040.13464,-498.73328,-119.13397,932.34912
1839,15.317,-305.99689,-140.25848,1027.98218,-331.50882,62.31515,1069.21521,-446.06708,-102.88068,1030.30908,-456.66666,21.61693,1040.05151,-498.50806,-118.77537,932.43243
1840,15.325,-305.96671,-140.34914,1027.84521,-332.18985,62.43238,1069.35583,-445.83105,-103.06773,1030.66858,-456.5925,21.63352,1040.13464,-498.39044,-118.91377,932.27448
1841,15.333,-305.96671,-140.34914,1027.84521,-332.18985,62.43238,1069.35583,-445.83105,-103.06773,1030.66858,-456.5925,21.63352,1040.13464,-498.50806,-118.77537,932.43243
1842,15.342,-305.76242,-140.63927,1028.02637,-331.50882,62.31515,1069.21521,-445.83105,-103.06773,1030.66858,-456.66666,21.61693,1040.05151,-498.73328,-119.13397,932.34912
1843,15.35,-305.73224,-140.72989,1027.88953,-331.50882,62.31515,1069.21521,-445.77023,-103.21326,1030.61133,-456.87244,21.29174,1040.09485,-498.61569,-119.27238,932.19116
1844,15.358,-306.17578,-140.49608,1027.77051,-331.50882,62.31515,1069.21521,-445.77023,-103.21326,1030.61133,-456.79828,21.30833,1040.17798,-498.61569,-119.27238,932.19116
1845,15.367,-305.94131,-140.87685,1027.8147,-331.50882,62.31515,1069.21521,-445.77023,-103.21326,1030.61133,-456.5925,21.63352,1040.13464,-498.61569,-119.27238,932.19116
1846,15.375,-305.94131,-140.87685,1027.8147,-331.50882,62.31515,1069.21521,-446.05203,-103.12105,1030.52258,-456.66666,21.61693,1040.05151,-498.39044,-118.91377,932.27448
1847,15.383,-305.98245,-140.35056,1027.63513,-331.50882,62.31515,1069.21521,-446.26828,-103.10118,1030.58618,-456.66666,21.61693,1040.05151,-498.32202,-119.0847,932.20624
1848,15.392,-305.94131,-140.87685,1027.8147,-331.50882,62.31515,1069.21521,-446.00623,-103.02623,1030.25183,-456.66666,21.61693,1040.05151,-498.39044,-118.91377,932.27448
1849,15.4,-305.98245,-140.35056,1027.63513,-331.50882,62.31515,1069.21521,-445.77023,-103.21326,1030.61133,-456.66666,21.61693,1040.05151,-498.54727,-119.44331,932.12292
1850,15.408,-305.98245,-140.35056,1027.63513,-331.50882,62.31515,1069.21521,-445.65897,-103.11789,1030.30408,-456.31387,21.65151,1039.98767,-498.54727,-119.44331,932.12292
1851,15.417,-305.77338,-140.2036,1027.70996,-332.18985,62.43238,1069.35583,-445.77023,-103.21326,1030.61133,-456.79828,21.30833,1040.17798,-498.54727,-119.44331,932.12292
1852,15.425,-305.96671,-140.34914,1027.84521,-331.50882,62.31515,1069.21521,-446.00623,-103.02623,1030.25183,-456.87244,21.29174,1040.09485,-498.54727,-119.44331,932.12292
1853,15.433,-305.98245,-140.35056,1027.63513,-332.18985,62.43238,1069.35583,-446.00623,-103.02623,1030.25183,-456.66666,21.61693,1040.05151,-498.54727,-119.44331,932.12292
1854,15.442,-306.01263,-140.25993,1027.77209,-331.50882,62.31515,1069.21521,-446.00623,-103.02623,1030.25183,-456.66666,21.61693,1040.05151,-498.32202,-119.0847,932.20624
1855,15.45,-305.98245,-140.35056,1027.63513,-331.50882,62.31515,1069.21521,-445.65897,-103.11789,1030.30408,-456.32095,21.61352,1040.08813,-498.39044,-118.91377,932.27448
1856,15.458,-305.80359,-140.11295,1027.84692,-331.50882,62.31515,1069.21521,-445.65897,-103.11789,1030.30408,-456.66666,21.61693,1040.05151,-498.39044,-118.91377,932.27448
1857,15.467,-305.98245,-140.35056,1027.63513,-332.18985,62.43238,1069.35583,-445.77023,-103.21326,1030.61133,-456.79828,21.30833,1040.17798,-498.61569,-119.27238,932.19116
1858,15.475,-305.80359,-140.11295,1027.84692,-332.18985,62.43238,1069.35583,-445.65897,-103.11789,1030.30408,-456.87244,21.29174,1040.09485,-498.54727,-119.44331,932.12292
1859,15.483,-305.80359,-140.11295,1027.84692,-331.4072,62.5782,1068.63538,-445.83105,-103.06773,1030.66858,-456.5925,21.63352,1040.13464,-498.61569,-119.27238,932.19116
1860,15.492,-305.98245,-140.35056,1027.63513,-331.4072,62.5782,1068.63538,-445.65897,-103.11789,1030.30408,-456.5925,21.63352,1040.13464,-498.16403,-118.99154,932.34723
1861,15.5,-305.80359,-140.11295,1027.84692,-331.29785,63.10463,1068.89087,-445.65897,-103.11789,1030.30408,-455.96606,21.60481,1040.05334,-498.16403,-118.99154,932.34723
1862,15.508,-305.65686,-139.77585,1027.5957,-331.29785,63.10463,1068.89087,-445.65897,-103.11789,1030.30408,-456.51495,21.61334,1040.22998,-498.39044,-118.91377,932.27448
1863,15.517,-305.64444,-139.5,1027.30176,-331.29785,63.10463,1068.89087,-445.65897,-103.11789,1030.30408,-456.51495,21.61334,1040.22998,-498.39044,-118.91377,932.27448
1864,15.525,-305.77859,-139.82294,1027.33118,-331.29785,63.10463,1068.89087,-445.7254,-102.79916,1030.23193,-456.04361,21.62498,1039.95789,-498.16403,-118.99154,932.34723
1865,15.533,-305.646,-139.36984,1027.05762,-331.29785,63.10463,1068.89087,-445.50186,-103.07337,1030.10339,-456.01352,21.77729,1040.03845,-498.50113,-118.97964,932.26093
1866,15.542,-305.646,-139.36984,1027.05762,-331.4072,62.5782,1068.63538,-445.50186,-103.07337,1030.10339,-456.04361,21.62498,1039.95789,-498.50113,-118.97964,932.26093
1867,15.55,-305.646,-139.36984,1027.05762,-331.29785,63.10463,1068.89087,-445.47714,-103.08216,1030.27515,-455.96606,21.60481,1040.05334,-498.16403,-118.99154,932.34723
1868,15.558,-305.646,-139.36984,1027.05762,-331.29785,63.10463,1068.89087,-445.47714,-103.08216,1030.27515,-456.56024,21.97966,1040.08398,-498.17828,-118.76693,932.23511
1869,15.567,-305.646,-139.36984,1027.05762,-331.29785,63.10463,1068.89087,-445.7254,-102.79916,1030.23193,-456.31161,21.8454,1039.85645,-498.39044,-118.91377,932.27448
1870,15.575,-305.646,-139.36984,1027.05762,-331.29785,63.10463,1068.89087,-445.56824,-102.75462,1030.03125,-456.04132,21.81888,1039.82666,-498.39343,-118.48261,932.5022
1871,15.583,-305.646,-139.36984,1027.05762,-331.29785,63.10463,1068.89087,-445.32559,-102.8644,1029.94507,-456.04132,21.81888,1039.82666,-498.50113,-118.97964,932.26093
1872,15.592,-305.54272,-139.1955,1027.09045,-331.29785,63.10463,1068.89087,-445.41629,-103.2277,1030.2179,-456.35577,21.98108,1039.85388,-498.72751,-118.90182,932.18817
1873,15.6,-305.54272,-139.1955,1027.09045,-331.40634,63.19976,1068.54578,-445.48273,-102.90894,1030.14575,-456.31161,21.8454,1039.85645,-498.50806,-118.77537,932.43243
1874,15.608,-305.44568,-139.21121,1026.92078,-331.40634,63.19976,1068.54578,-445.77881,-102.66872,1030.16174,-456.47977,21.97482,1039.70239,-498.16403,-118.99154,932.34723
1875,15.617,-305.54272,-139.1955,1027.09045,-330.89679,63.47427,1068.74927,-445.77881,-102.66872,1030.16174,-456.13528,21.9649,1039.75574,-498.27585,-118.62102,932.34424
1876,15.625,-305.57294,-139.10481,1027.22754,-330.89679,63.47427,1068.74927,-445.56824,-102.75462,1030.03125,-456.10522,22.11719,1039.8363,-498.27585,-118.62102,932.34424
1877,15.633,-305.54272,-139.1955,1027.09045,-331.79477,63.33893,1068.44189,-445.62167,-102.62417,1029.96106,-456.20947,21.94828,1039.67261,-498.39343,-118.48261,932.5022
1878,15.642,-305.70697,-138.91049,1027.10181,-331.79477,63.33893,1068.44189,-445.77881,-102.66872,1030.16174,-456.13528,21.9649,1039.75574,-498.6199,-118.4048,932.42944
1879,15.65,-305.54272,-139.1955,1027.09045,-331.79477,63.33893,1068.44189,-445.62167,-102.62417,1029.96106,-456.44974,22.12709,1039.78296,-498.6199,-118.4048,932.42944
1880,15.658,-305.54272,-139.1955,1027.09045,-330.62976,64.12064,1068.60583,-445.379,-102.73393,1029.87476,-456.10522,22.11719,1039.8363,-498.39343,-118.48261,932.5022
1881,15.667,-305.67676,-139.00117,1026.96484,-330.62976,64.12064,1068.60583,-445.379,-102.73393,1029.87476,-456.10522,22.11719,1039.8363,-498.19473,-118.37635,932.44586
1882,15.675,-305.57971,-139.01689,1026.79504,-330.62976,64.12064,1068.60583,-445.62167,-102.62417,1029.96106,-456.10522,22.11719,1039.8363,-498.39343,-118.48261,932.5022
1883,15.683,-305.67676,-139.00117,1026.96484,-330.89612,63.66947,1068.11426,-445.379,-102.73393,1029.87476,-456.10522,22.11719,1039.8363,-498.39343,-118.48261,932.5022
1884,15.692,-305.54272,-139.1955,1027.09045,-330.89612,63.66947,1068.11426,-445.77881,-102.66872,1030.16174,-456.10522,22.11719,1039.8363,-498.58752,-117.83251,932.57861
1885,15.7,-305.57971,-139.01689,1026.79504,-330.15378,64.10038,1068.35071,-445.51202,-102.56618,1030.15369,-456.10522,22.11719,1039.8363,-498.39343,-118.48261,932.5022
1886,15.708,-305.57971,-139.01689,1026.79504,-330.23703,64.78615,1068.34937,-445.35483,-102.52161,1029.95288,-456.10522,22.11719,1039.8363,-498.39343,-118.48261,932.5022
1887,15.717,-305.57971,-139.01689,1026.79504,-330.97934,64.35522,1068.11304,-445.379,-102.73393,1029.87476,-456.10522,22.11719,1039.8363,-498.6199,-118.4048,932.42944
1888,15.725,-305.57043,-139.18845,1026.8269,-330.97934,64.35522,1068.11304,-445.34525,-102.64426,1029.95056,-456.10522,22.11719,1039.8363,-498.6199,-118.4048,932.42944
1889,15.733,-305.7605,-138.92024,1026.46265,-330.97934,64.35522,1068.11304,-445.379,-102.73393,1029.87476,-456.10522,22.11719,1039.8363,-498.6199,-118.4048,932.42944
1890,15.742,-305.89468,-138.72594,1026.33691,-330.97934,64.35522,1068.11304,-445.379,-102.73393,1029.87476,-456.10522,22.11719,1039.8363,-498.63297,-118.50172,932.15027
1891,15.75,-305.95087,-138.83986,1026.401,-330.97934,64.35522,1068.11304,-445.379,-102.73393,1029.87476,-456.20947,21.94828,1039.67261,-498.63297,-118.50172,932.15027
1892,15.758,-305.95087,-138.83986,1026.401,-330.97934,64.35522,1068.11304,-445.379,-102.73393,1029.87476,-456.10522,22.11719,1039.8363,-498.50229,-118.54324,932.27148
1893,15.767,-306.00015,-138.73116,1026.21399,-330.97934,64.35522,1068.11304,-445.379,-102.73393,1029.87476,-456.10522,22.11719,1039.8363,-498.50229,-118.54324,932.27148
1894,15.775,-306.00015,-138.73116,1026.21399,-330.97934,64.35522,1068.11304,-445.379,-102.73393,1029.87476,-456.20947,21.94828,1039.67261,-498.51535,-118.64017,931.99231
1895,15.783,-306.08502,-138.64554,1026.27527,-330.97934,64.35522,1068.11304,-445.379,-102.73393,1029.87476,-456.13528,21.9649,1039.75574,-498.69296,-118.9076,931.98145
1896,15.792,-305.95087,-138.83986,1026.401,-330.97934,64.35522,1068.11304,-445.379,-102.73393,1029.87476,-456.17941,22.10056,1039.75317,-498.63297,-118.50172,932.15027
1897,15.8,-305.95087,-138.83986,1026.401,-330.97934,64.35522,1068.11304,-445.379,-102.73393,1029.87476,-456.10522,22.11719,1039.8363,-498.45554,-118.2341,932.16113
1898,15.808,-306.08502,-138.64554,1026.27527,-330.97934,64.35522,1068.11304,-445.379,-102.73393,1029.87476,-456.20947,21.94828,1039.67261,-498.6199,-118.4048,932.42944
1899,15.817,-305.95087,-138.83986,1026.401,-330.97934,64.35522,1068.11304,-445.35483,-102.52161,1029.95288,-456.17941,22.10056,1039.75317,-498.63297,-118.50172,932.15027
1900,15.825,-305.70444,-138.99413,1026.70117,-330.97934,64.35522,1068.11304,-445.32104,-102.43193,1030.02881,-456.37555,22.1437,1039.86609,-498.84509,-118.76338,932.34613
1901,15.833,-305.77502,-138.89694,1026.79858,-330.97934,64.35522,1068.11304,-445.51202,-102.56618,1030.15369,-456.37555,22.1437,1039.86609,-498.50229,-118.54324,932.27148
1902,15.842,-305.63577,-138.94302,1026.55652,-330.97934,64.35522,1068.11304,-445.51202,-102.56618,1030.15369,-456.37555,22.1437,1039.86609,-498.6199,-118.4048,932.42944
1903,15.85,-305.63577,-138.94302,1026.55652,-330.97934,64.35522,1068.11304,-445.32104,-102.43193,1030.02881,-456.37555,22.1437,1039.86609,-498.6199,-118.4048,932.42944
1904,15.858,-305.63577,-138.94302,1026.55652,-330.97934,64.35522,1068.11304,-445.47824,-102.4765,1030.22949,-456.37555,22.1437,1039.86609,-498.6199,-118.4048,932.42944
1905,15.867,-305.57971,-139.01689,1026.79504,-330.97934,64.35522,1068.11304,-445.47824,-102.4765,1030.22949,-456.10522,22.11719,1039.8363,-498.6199,-118.4048,932.42944
1906,15.875,-305.63577,-138.94302,1026.55652,-330.97934,64.35522,1068.11304,-445.32104,-102.43193,1030.02881,-456.10522,22.11719,1039.8363,-498.39343,-118.48261,932.5022
1907,15.883,-305.63577,-138.94302,1026.55652,-330.97934,64.35522,1068.11304,-445.47824,-102.4765,1030.22949,-456.10522,22.11719,1039.8363,-498.6199,-118.4048,932.42944
1908,15.892,-305.57971,-139.01689,1026.79504,-330.97934,64.35522,1068.11304,-445.42703,-102.58249,1030.30042,-456.10522,22.11719,1039.8363,-498.6199,-118.4048,932.42944
1909,15.9,-305.7605,-138.92024,1026.46265,-330.97934,64.35522,1068.11304,-445.42703,-102.58249,1030.30042,-456.37555,22.1437,1039.86609,-498.6199,-118.4048,932.42944
1910,15.908,-305.89468,-138.72594,1026.33691,-330.97934,64.35522,1068.11304,-445.47824,-102.4765,1030.22949,-456.20947,21.94828,1039.67261,-498.50806,-118.77537,932.43243
1911,15.917,-305.89468,-138.72594,1026.33691,-330.97934,64.35522,1068.11304,-445.32104,-102.43193,1030.02881,-456.20947,21.94828,1039.67261,-498.50806,-118.77537,932.43243
1912,15.925,-306.00015,-138.73116,1026.21399,-330.97934,64.35522,1068.11304,-445.30139,-102.65208,1030.02319,-456.47977,21.97482,1039.70239,-498.6199,-118.4048,932.42944
1913,15.933,-306.00015,-138.73116,1026.21399,-330.97934,64.35522,1068.11304,-445.379,-102.73393,1029.87476,-456.20947,21.94828,1039.67261,-498.50229,-118.54324,932.27148
1914,15.942,-306.00015,-138.73116,1026.21399,-331.64911,64.48709,1068.20874,-445.379,-102.73393,1029.87476,-456.47977,21.97482,1039.70239,-498.61569,-119.27238,932.19116
1915,15.95,-306.00015,-138.73116,1026.21399,-330.97934,64.35522,1068.11304,-445.379,-102.73393,1029.87476,-456.20947,21.94828,1039.67261,-498.61569,-119.27238,932.19116
1916,15.958,-306.00015,-138.73116,1026.21399,-330.97934,64.35522,1068.11304,-445.31818,-102.87946,1029.8175,-456.47977,21.97482,1039.70239,-498.91022,-119.15016,932.03766
1917,15.967,-306.10342,-138.90553,1026.18115,-330.97934,64.35522,1068.11304,-445.31818,-102.87946,1029.8175,-456.47977,21.97482,1039.70239,-498.83273,-119.32793,931.97314
1918,15.975,-306.10342,-138.90553,1026.18115,-331.64911,64.48709,1068.20874,-445.31818,-102.87946,1029.8175,-456.75842,21.95682,1039.84937,-498.83273,-119.32793,931.97314
1919,15.983,-306.32153,-139.078,1026.14001,-331.64911,64.48709,1068.20874,-445.47531,-102.92404,1030.01819,-456.75842,21.95682,1039.84937,-498.68634,-119.70423,931.76941
1920,15.992,-306.10342,-138.90553,1026.18115,-331.64911,64.48709,1068.20874,-445.47531,-102.92404,1030.01819,-456.47977,21.97482,1039.70239,-498.72092,-119.69843,931.97614
1921,16,-306.32153,-139.078,1026.14001,-331.64911,64.48709,1068.20874,-445.56082,-102.76969,1029.90369,-456.75842,21.95682,1039.84937,-498.72092,-119.69843,931.97614
1922,16.008,-306.32153,-139.078,1026.14001,-330.97934,64.35522,1068.11304,-445.31818,-102.87946,1029.8175,-456.47977,21.97482,1039.70239,-498.72092,-119.69843,931.97614
1923,16.017,-306.18735,-139.27228,1026.26575,-331.64911,64.48709,1068.20874,-445.47531,-102.92404,1030.01819,-456.75842,21.95682,1039.84937,-498.72092,-119.69843,931.97614
1924,16.025,-306.18735,-139.27228,1026.26575,-331.64911,64.48709,1068.20874,-445.47531,-102.92404,1030.01819,-456.47977,21.97482,1039.70239,-498.72092,-119.69843,931.97614
1925,16.033,-306.18735,-139.27228,1026.26575,-330.97934,64.35522,1068.11304,-445.42188,-103.05448,1030.0885,-456.47977,21.97482,1039.70239,-498.72092,-119.69843,931.97614
1926,16.042,-306.18735,-139.27228,1026.26575,-331.09366,63.58642,1067.8064,-445.31818,-102.87946,1029.8175,-456.47977,21.97482,1039.70239,-498.72559,-119.57445,932.07013
1927,16.05,-306.18735,-139.27228,1026.26575,-330.97934,64.35522,1068.11304,-445.26474,-103.00993,1029.88782,-456.47977,21.97482,1039.70239,-498.72092,-119.69843,931.97614
1928,16.058,-306.05331,-139.46658,1026.39148,-330.97934,64.35522,1068.11304,-445.26474,-103.00993,1029.88782,-456.20947,21.94828,1039.67261,-498.72092,-119.69843,931.97614
1929,16.067,-306.05331,-139.46658,1026.39148,-331.09366,63.58642,1067.8064,-445.26474,-103.00993,1029.88782,-456.47977,21.97482,1039.70239,-498.72092,-119.69843,931.97614
1930,16.075,-306.32153,-139.078,1026.14001,-331.2525,63.0393,1067.47375,-445.26474,-103.00993,1029.88782,-456.47977,21.97482,1039.70239,-498.72092,-119.69843,931.97614
1931,16.083,-306.32153,-139.078,1026.14001,-331.09366,63.58642,1067.8064,-445.29636,-103.12405,1029.8114,-456.20947,21.94828,1039.67261,-498.72092,-119.69843,931.97614
1932,16.092,-306.18735,-139.27228,1026.26575,-331.09366,63.58642,1067.8064,-445.26474,-103.00993,1029.88782,-456.47977,21.97482,1039.70239,-498.72092,-119.69843,931.97614
1933,16.1,-306.32153,-139.078,1026.14001,-331.09366,63.58642,1067.8064,-445.29636,-103.12405,1029.8114,-456.20947,21.94828,1039.67261,-498.68634,-119.70423,931.76941
1934,16.108,-306.32153,-139.078,1026.14001,-331.2525,63.0393,1067.47375,-445.29636,-103.12405,1029.8114,-456.20947,21.94828,1039.67261,-498.72092,-119.69843,931.97614
1935,16.117,-306.20319,-139.24088,1026.04175,-331.09366,63.58642,1067.8064,-445.29636,-103.12405,1029.8114,-456.20947,21.94828,1039.67261,-498.49463,-119.77621,932.04889
1936,16.125,-306.32153,-139.078,1026.14001,-331.2525,63.0393,1067.47375,-445.29636,-103.12405,1029.8114,-456.20947,21.94828,1039.67261,-498.63785,-120.04931,931.8313
1937,16.133,-306.06903,-139.43517,1026.16748,-331.09366,63.58642,1067.8064,-445.29636,-103.12405,1029.8114,-456.20947,21.94828,1039.67261,-498.49463,-119.77621,932.04889
1938,16.142,-306.32153,-139.078,1026.14001,-331.09366,63.58642,1067.8064,-445.29636,-103.12405,1029.8114,-456.11551,21.80226,1039.74353,-498.57458,-120.07475,931.7724
1939,16.15,-306.32153,-139.078,1026.14001,-331.09366,63.58642,1067.8064,-445.29636,-103.12405,1029.8114,-456.20947,21.94828,1039.67261,-498.68634,-119.70423,931.76941
1940,16.158,-306.18735,-139.27228,1026.26575,-331.09366,63.58642,1067.8064,-445.53903,-103.01424,1029.89758,-456.66443,21.81079,1039.92029,-498.68634,-119.70423,931.76941
1941,16.167,-306.32153,-139.078,1026.14001,-331.09366,63.58642,1067.8064,-445.53903,-103.01424,1029.89758,-456.76065,21.76299,1039.98059,-498.68634,-119.70423,931.76941
1942,16.175,-306.32153,-139.078,1026.14001,-331.09366,63.58642,1067.8064,-445.29636,-103.12405,1029.8114,-456.75842,21.95682,1039.84937,-498.68634,-119.70423,931.76941
1943,16.183,-306.32153,-139.078,1026.14001,-331.09366,63.58642,1067.8064,-445.29636,-103.12405,1029.8114,-456.3858,21.8288,1039.77332,-498.68634,-119.70423,931.76941
1944,16.192,-306.18735,-139.27228,1026.26575,-331.09366,63.58642,1067.8064,-445.26474,-103.00993,1029.88782,-456.47977,21.97482,1039.70239,-498.49463,-119.77621,932.04889
1945,16.2,-305.83527,-139.29416,1026.4325,-331.09366,63.58642,1067.8064,-445.26474,-103.00993,1029.88782,-456.1178,21.60836,1039.87488,-498.46005,-119.78202,931.8421
1946,16.208,-306.18735,-139.27228,1026.26575,-331.09366,63.58642,1067.8064,-445.26474,-103.00993,1029.88782,-456.1178,21.60836,1039.87488,-498.28168,-119.65085,931.8949
1947,16.217,-306.18735,-139.27228,1026.26575,-331.76361,63.71849,1067.90234,-445.26474,-103.00993,1029.88782,-456.1178,21.60836,1039.87488,-498.28168,-119.65085,931.8949
1948,16.225,-305.83527,-139.29416,1026.4325,-331.09366,63.58642,1067.8064,-445.26474,-103.00993,1029.88782,-456.38806,21.63491,1039.90466,-498.28238,-119.51451,931.85297
1949,16.233,-305.44647,-139.1897,1026.29163,-330.97934,64.35522,1068.11304,-445.26474,-103.00993,1029.88782,-456.3858,21.8288,1039.77332,-498.31735,-119.20868,932.11224
1950,16.242,-305.09866,-139.14597,1026.27039,-330.97934,64.35522,1068.11304,-445.26474,-103.00993,1029.88782,-456.39514,21.59691,1040.005,-498.54257,-119.56728,932.02893
1951,16.25,-304.98041,-139.30882,1026.172,-331.09366,63.58642,1067.8064,-445.25916,-103.18317,1030.01721,-456.1178,21.60836,1039.87488,-498.31625,-119.64506,932.10168
1952,16.258,-305.09866,-139.14597,1026.27039,-331.09366,63.58642,1067.8064,-445.25916,-103.18317,1030.01721,-456.1178,21.60836,1039.87488,-498.03552,-120.17863,931.90619
1953,16.267,-304.97348,-139.12563,1026.10266,-330.97934,64.35522,1068.11304,-445.26474,-103.00993,1029.88782,-456.11551,21.80226,1039.74353,-497.85779,-119.91116,931.91699
1954,16.275,-304.68707,-139.16994,1025.97034,-331.09366,63.58642,1067.8064,-445.26474,-103.00993,1029.88782,-456.1178,21.60836,1039.87488,-497.96957,-119.54068,931.91406
1955,16.283,-304.82816,-139.15878,1025.91394,-331.09366,63.58642,1067.8064,-445.25916,-103.18317,1030.01721,-455.99033,21.44727,1039.87207,-498.14728,-119.80814,931.9032
1956,16.292,-304.70898,-139.01593,1026.1709,-331.64911,64.48709,1068.20874,-445.09726,-103.21886,1029.91479,-456.1178,21.60836,1039.87488,-497.85431,-119.84972,931.83972
1957,16.3,-304.70898,-139.01593,1026.1709,-330.97934,64.35522,1068.11304,-445.50742,-102.90013,1029.974,-456.1178,21.60836,1039.87488,-498.03552,-120.17863,931.90619
1958,16.308,-304.68707,-139.16994,1025.97034,-331.64911,64.48709,1068.20874,-445.26474,-103.00993,1029.88782,-456.11551,21.80226,1039.74353,-498.03552,-120.17863,931.90619
1959,16.317,-304.99542,-138.97159,1026.30322,-331.09366,63.58642,1067.8064,-445.53348,-103.18748,1030.02698,-456.66666,21.61693,1040.05151,-498.03552,-120.17863,931.90619
1960,16.325,-304.99542,-138.97159,1026.30322,-330.97934,64.35522,1068.11304,-445.25916,-103.18317,1030.01721,-456.66666,21.61693,1040.05151,-498.14728,-119.80814,931.9032
1961,16.333,-304.99542,-138.97159,1026.30322,-331.64911,64.48709,1068.20874,-445.25916,-103.18317,1030.01721,-456.1178,21.60836,1039.87488,-498.03552,-120.17863,931.90619
1962,16.342,-304.99542,-138.97159,1026.30322,-330.97934,64.35522,1068.11304,-445.26474,-103.00993,1029.88782,-456.38806,21.63491,1039.90466,-497.75266,-119.82926,931.64496
1963,16.35,-304.99542,-138.97159,1026.30322,-331.64911,64.48709,1068.20874,-445.25916,-103.18317,1030.01721,-456.66666,21.61693,1040.05151,-498.08414,-119.83347,931.8443
1964,16.358,-304.99542,-138.97159,1026.30322,-331.64911,64.48709,1068.20874,-445.25916,-103.18317,1030.01721,-456.66666,21.61693,1040.05151,-498.3736,-119.73041,931.83051
1965,16.367,-304.99542,-138.97159,1026.30322,-331.64911,64.48709,1068.20874,-445.25916,-103.18317,1030.01721,-456.66666,21.61693,1040.05151,-498.18185,-119.80234,932.10999
1966,16.375,-304.99542,-138.97159,1026.30322,-331.64911,64.48709,1068.20874,-445.26474,-103.00993,1029.88782,-456.66443,21.81079,1039.92029,-497.74258,-120.22019,931.84271
1967,16.383,-304.74609,-138.72791,1026.32727,-331.64911,64.48709,1068.20874,-445.26474,-103.00993,1029.88782,-456.75842,21.95682,1039.84937,-497.74258,-120.22019,931.84271
1968,16.392,-304.99158,-138.80692,1026.27332,-331.64911,64.48709,1068.20874,-445.50742,-102.90013,1029.974,-456.75842,21.95682,1039.84937,-497.85779,-119.91116,931.91699
1969,16.4,-304.98425,-138.60341,1026.2926,-331.64911,64.48709,1068.20874,-445.25916,-103.18317,1030.01721,-456.76065,21.76299,1039.98059,-498.18292,-119.366,932.12054
1970,16.408,-304.85953,-138.62616,1026.38647,-331.64911,64.48709,1068.20874,-445.26474,-103.00993,1029.88782,-456.75842,21.95682,1039.84937,-498.18185,-119.80234,932.10999
1971,16.417,-304.85953,-138.62616,1026.38647,-331.64911,64.48709,1068.20874,-445.26474,-103.00993,1029.88782,-457.12204,22.07333,1039.6803,-498.40817,-119.72461,932.03723
1972,16.425,-304.85953,-138.62616,1026.38647,-331.64911,64.48709,1068.20874,-445.26474,-103.00993,1029.88782,-457.12204,22.07333,1039.6803,-498.54257,-119.56728,932.02893
1973,16.433,-304.85953,-138.62616,1026.38647,-331.64911,64.48709,1068.20874,-445.26474,-103.00993,1029.88782,-457.12204,22.07333,1039.6803,-498.18292,-119.366,932.12054
1974,16.442,-304.85953,-138.62616,1026.38647,-331.64911,64.48709,1068.20874,-445.26474,-103.00993,1029.88782,-456.75842,21.95682,1039.84937,-498.09094,-119.28642,932.185
1975,16.45,-304.62656,-138.40057,1026.35034,-331.64911,64.48709,1068.20874,-445.26474,-103.00993,1029.88782,-456.75842,21.95682,1039.84937,-498.31625,-119.64506,932.10168
1976,16.458,-304.755,-138.15735,1026.52588,-331.64911,64.48709,1068.20874,-445.26474,-103.00993,1029.88782,-456.75842,21.95682,1039.84937,-498.09094,-119.28642,932.185
1977,16.467,-304.62656,-138.40057,1026.35034,-331.64911,64.48709,1068.20874,-445.50742,-102.90013,1029.974,-456.75842,21.95682,1039.84937,-498.09561,-119.16245,932.27899
1978,16.475,-304.755,-138.15735,1026.52588,-331.64911,64.48709,1068.20874,-445.50742,-102.90013,1029.974,-456.75842,21.95682,1039.84937,-498.32202,-119.0847,932.20624
1979,16.483,-304.98798,-138.38295,1026.56213,-331.64911,64.48709,1068.20874,-445.50742,-102.90013,1029.974,-457.12204,22.07333,1039.6803,-498.61569,-119.27238,932.19116
1980,16.492,-305.12735,-138.33687,1026.8042,-331.64911,64.48709,1068.20874,-445.50742,-102.90013,1029.974,-456.75842,21.95682,1039.84937,-498.38934,-119.35017,932.26392
1981,16.5,-304.87833,-138.08405,1026.74304,-332.10361,64.4949,1068.48169,-445.56824,-102.75462,1030.03125,-456.75842,21.95682,1039.84937,-497.88342,-119.01558,932.23969
1982,16.508,-305.21628,-138.24818,1026.95264,-332.10361,64.4949,1068.48169,-445.56824,-102.75462,1030.03125,-456.75842,21.95682,1039.84937,-497.88342,-119.01558,932.23969
1983,16.517,-304.95035,-138.03737,1026.52942,-332.10361,64.4949,1068.48169,-445.50742,-102.90013,1029.974,-456.75842,21.95682,1039.84937,-497.95184,-118.84466,932.30792
1984,16.525,-305.03928,-137.9487,1026.67786,-332.10361,64.4949,1068.48169,-445.56824,-102.75462,1030.03125,-456.75842,21.95682,1039.84937,-498.10983,-118.93787,932.16687
1985,16.533,-305.39252,-137.99179,1027.12292,-332.10361,64.4949,1068.48169,-445.50742,-102.90013,1029.974,-456.75842,21.95682,1039.84937,-497.95184,-118.84466,932.30792
1986,16.542,-305.21628,-138.24818,1026.95264,-332.10361,64.4949,1068.48169,-445.50742,-102.90013,1029.974,-456.75842,21.95682,1039.84937,-498.1041,-119.49822,932.06232
1987,16.55,-305.6416,-138.2446,1027.18408,-332.10361,64.4949,1068.48169,-445.62167,-102.62417,1029.96106,-456.9642,21.63172,1039.89258,-498.10876,-119.37423,932.15631
1988,16.558,-305.6416,-138.2446,1027.18408,-332.10361,64.4949,1068.48169,-445.56824,-102.75462,1030.03125,-457.3887,21.37527,1039.98816,-498.31625,-119.64506,932.10168
1989,16.567,-305.6416,-138.2446,1027.18408,-332.10361,64.4949,1068.48169,-445.77881,-102.66872,1030.16174,-457.29602,22.05924,1039.7854,-498.09561,-119.16245,932.27899
1990,16.575,-305.78055,-137.93454,1027.21118,-332.10361,64.4949,1068.48169,-445.62167,-102.62417,1029.96106,-456.9324,21.94267,1039.95447,-497.87875,-119.13957,932.14563
1991,16.583,-305.78055,-137.93454,1027.21118,-332.10361,64.4949,1068.48169,-445.62167,-102.62417,1029.96106,-457.54657,21.81697,1039.77576,-498.09094,-119.28642,932.185
1992,16.592,-305.78055,-137.93454,1027.21118,-332.52628,64.14415,1068.5542,-445.62167,-102.62417,1029.96106,-457.75223,21.49194,1039.81909,-498.54257,-119.56728,932.02893
1993,16.6,-305.96741,-137.85899,1027.14465,-332.52628,64.14415,1068.5542,-445.77881,-102.66872,1030.16174,-457.8963,21.60497,1039.57935,-498.54257,-119.56728,932.02893
1994,16.608,-305.89401,-137.77603,1027.24573,-332.52628,64.14415,1068.5542,-445.77881,-102.66872,1030.16174,-457.75223,21.49194,1039.81909,-498.54257,-119.56728,932.02893
1995,16.617,-305.78055,-137.93454,1027.21118,-333.03574,63.86974,1068.35083,-445.77881,-102.66872,1030.16174,-457.75223,21.49194,1039.81909,-498.28168,-119.65085,931.8949
1996,16.625,-305.96741,-137.85899,1027.14465,-332.52628,64.14415,1068.5542,-445.77881,-102.66872,1030.16174,-457.81055,21.76707,1039.71338,-498.28168,-119.65085,931.8949
1997,16.633,-305.96741,-137.85899,1027.14465,-332.52628,64.14415,1068.5542,-445.77881,-102.66872,1030.16174,-457.60492,22.09208,1039.67017,-498.09094,-119.28642,932.185
1998,16.642,-305.89401,-137.77603,1027.24573,-332.81769,64.26194,1068.14343,-445.77881,-102.66872,1030.16174,-457.86377,21.77286,1039.61377,-498.09094,-119.28642,932.185
1999,16.65,-306.24768,-137.90401,1027.14771,-332.81769,64.26194,1068.14343,-445.77881,-102.66872,1030.16174,-457.65814,22.09787,1039.57043,-498.28168,-119.65085,931.8949
2000,16.658,-305.96741,-137.85899,1027.14465,-332.81769,64.26194,1068.14343,-445.77881,-102.66872,1030.16174,-457.81055,21.76707,1039.71338,-498.72092,-119.69843,931.97614
2001,16.667,-306.24768,-137.90401,1027.14771,-332.63474,64.23951,1068.20935,-446.1261,-102.57703,1030.10938,-457.95462,21.88015,1039.47363,-498.72559,-119.57445,932.07013
2002,16.675,-306.24768,-137.90401,1027.14771,-332.81769,64.26194,1068.14343,-446.1261,-102.57703,1030.10938,-457.95462,21.88015,1039.47363,-498.79843,-119.52068,932.04065
2003,16.683,-306.24768,-137.90401,1027.14771,-332.39505,64.61271,1068.07104,-445.77881,-102.66872,1030.16174,-457.65814,22.09787,1039.57043,-498.72559,-119.57445,932.07013
2004,16.692,-306.24768,-137.90401,1027.14771,-332.39505,64.61271,1068.07104,-445.77881,-102.66872,1030.16174,-457.65814,22.09787,1039.57043,-498.80286,-119.20973,931.86041
2005,16.7,-306.24768,-137.90401,1027.14771,-332.39505,64.61271,1068.07104,-445.77881,-102.66872,1030.16174,-457.60492,22.09208,1039.67017,-498.69366,-118.77127,931.93951
2006,16.708,-306.10867,-138.2141,1027.12061,-332.39505,64.61271,1068.07104,-446.1261,-102.57703,1030.10938,-457.80225,22.21099,1039.33069,-498.68634,-119.70423,931.76941
2007,16.717,-306.24768,-137.90401,1027.14771,-332.39505,64.61271,1068.07104,-446.1261,-102.57703,1030.10938,-458.00784,21.88597,1039.37402,-498.79401,-119.40352,932.13837
2008,16.725,-306.49094,-137.96727,1027.11584,-332.92603,64.35725,1067.79871,-445.77881,-102.66872,1030.16174,-457.98181,21.53547,1039.52112,-498.76385,-119.52648,931.83392
2009,16.733,-306.49094,-137.96727,1027.11584,-332.92603,64.35725,1067.79871,-445.77881,-102.66872,1030.16174,-457.65814,22.09787,1039.57043,-498.69101,-119.58025,931.8634
2010,16.742,-306.24768,-137.90401,1027.14771,-332.92603,64.35725,1067.79871,-446.1261,-102.57703,1030.10938,-457.80225,22.21099,1039.33069,-498.68634,-119.70423,931.76941
2011,16.75,-306.49094,-137.96727,1027.11584,-332.92603,64.35725,1067.79871,-446.37982,-102.56774,1030.22083,-457.80225,22.21099,1039.33069,-498.75946,-119.40931,931.93164
2012,16.758,-306.24768,-137.90401,1027.14771,-332.92603,64.35725,1067.79871,-446.37982,-102.56774,1030.22083,-457.80225,22.21099,1039.33069,-498.88144,-119.38808,931.99188
2013,16.767,-306.24768,-137.90401,1027.14771,-332.92603,64.35725,1067.79871,-446.10196,-102.36469,1030.18762,-457.80225,22.21099,1039.33069,-498.87567,-119.15595,931.83093
2014,16.775,-306.49094,-137.96727,1027.11584,-332.92603,64.35725,1067.79871,-446.1261,-102.57703,1030.10938,-458.12585,21.64859,1039.28137,-498.87128,-119.03876,931.92871
2015,16.783,-306.24768,-137.90401,1027.14771,-332.92603,64.35725,1067.79871,-446.37982,-102.56774,1030.22083,-458.12585,21.64859,1039.28137,-498.79401,-119.40352,932.13837
2016,16.792,-306.49094,-137.96727,1027.11584,-332.92603,64.35725,1067.79871,-446.35568,-102.3554,1030.29895,-458.12585,21.64859,1039.28137,-498.91159,-119.26511,932.29633
2017,16.8,-306.31915,-137.82446,1027.21265,-332.39505,64.61271,1068.07104,-446.35568,-102.3554,1030.29895,-457.74902,22.20517,1039.4303,-498.91159,-119.26511,932.29633
2018,16.808,-306.24768,-137.90401,1027.14771,-332.92603,64.35725,1067.79871,-446.10196,-102.36469,1030.18762,-457.80225,22.21099,1039.33069,-498.79822,-118.53587,932.37665
2019,16.817,-306.24768,-137.90401,1027.14771,-332.39505,64.61271,1068.07104,-445.75464,-102.45641,1030.23987,-457.80225,22.21099,1039.33069,-498.79822,-118.53587,932.37665
2020,16.825,-306.06082,-137.97957,1027.21423,-332.39505,64.61271,1068.07104,-446.14777,-102.45957,1030.4585,-457.74902,22.20517,1039.4303,-499.02341,-118.89452,932.29333
2021,16.833,-305.70718,-137.85159,1027.31226,-332.39505,64.61271,1068.07104,-446.33032,-102.35005,1030.5979,-457.74902,22.20517,1039.4303,-498.84509,-118.76338,932.34613
2022,16.842,-305.70718,-137.85159,1027.31226,-332.39505,64.61271,1068.07104,-446.32196,-102.26575,1030.37476,-457.74902,22.20517,1039.4303,-498.73328,-119.13397,932.34912
2023,16.85,-305.56821,-138.16167,1027.28528,-332.39505,64.61271,1068.07104,-446.10196,-102.36469,1030.18762,-457.35434,22.33441,1039.67969,-498.73328,-119.13397,932.34912
2024,16.858,-305.78055,-137.93454,1027.21118,-332.39505,64.61271,1068.07104,-445.72086,-102.36674,1030.31567,-457.35434,22.33441,1039.67969,-498.73328,-119.13397,932.34912
2025,16.867,-305.6416,-138.2446,1027.18408,-332.10361,64.4949,1068.48169,-445.72086,-102.36674,1030.31567,-457.35434,22.33441,1039.67969,-498.79742,-118.98052,932.49438
2026,16.875,-305.6416,-138.2446,1027.18408,-332.39505,64.61271,1068.07104,-445.66406,-102.64592,1030.51587,-457.35434,22.33441,1039.67969,-498.5722,-118.62194,932.5777
2027,16.883,-305.6416,-138.2446,1027.18408,-332.39505,64.61271,1068.07104,-445.82657,-102.63533,1030.75232,-457.60492,22.09208,1039.67017,-498.50806,-118.77537,932.43243
2028,16.892,-305.6416,-138.2446,1027.18408,-332.10361,64.4949,1068.48169,-445.66965,-102.47272,1030.3866,-457.60492,22.09208,1039.67017,-498.73328,-119.13397,932.34912
2029,16.9,-305.6416,-138.2446,1027.18408,-332.10361,64.4949,1068.48169,-445.66965,-102.47272,1030.3866,-457.81055,21.76707,1039.71338,-498.73328,-119.13397,932.34912
2030,16.908,-305.6416,-138.2446,1027.18408,-332.10361,64.4949,1068.48169,-445.74905,-102.62961,1030.36926,-457.81055,21.76707,1039.71338,-498.73328,-119.13397,932.34912
2031,16.917,-305.6416,-138.2446,1027.18408,-332.10361,64.4949,1068.48169,-445.74905,-102.62961,1030.36926,-457.95462,21.88015,1039.47363,-498.73328,-119.13397,932.34912
2032,16.925,-305.6416,-138.2446,1027.18408,-332.52628,64.14415,1068.5542,-446.10196,-102.36469,1030.18762,-457.74902,22.20517,1039.4303,-498.72559,-119.57445,932.07013
2033,16.933,-305.92184,-138.28964,1027.18713,-333.03574,63.86974,1068.35083,-446.37982,-102.56774,1030.22083,-457.74902,22.20517,1039.4303,-498.72092,-119.69843,931.97614
2034,16.942,-305.92184,-138.28964,1027.18713,-333.03574,63.86974,1068.35083,-446.1261,-102.57703,1030.10938,-457.74902,22.20517,1039.4303,-498.72092,-119.69843,931.97614
2035,16.95,-306.16507,-138.35291,1027.1554,-333.03574,63.86974,1068.35083,-446.1261,-102.57703,1030.10938,-458.12585,21.64859,1039.28137,-498.72092,-119.69843,931.97614
2036,16.958,-306.03091,-138.54721,1027.28101,-333.03574,63.86974,1068.35083,-446.37982,-102.56774,1030.22083,-458.12585,21.64859,1039.28137,-499.0426,-119.7579,932.19281
2037,16.967,-305.78769,-138.48395,1027.31287,-333.03574,63.86974,1068.35083,-446.1261,-102.57703,1030.10938,-458.07266,21.64278,1039.3811,-498.8074,-119.87894,932.02966
2038,16.975,-306.03091,-138.54721,1027.28101,-333.03574,63.86974,1068.35083,-446.38821,-102.65204,1030.44397,-458.06754,21.37341,1039.38708,-498.72092,-119.69843,931.97614
2039,16.983,-306.03091,-138.54721,1027.28101,-333.03574,63.86974,1068.35083,-446.1261,-102.57703,1030.10938,-458.12585,21.64859,1039.28137,-498.72092,-119.69843,931.97614
2040,16.992,-306.03091,-138.54721,1027.28101,-332.52628,64.14415,1068.5542,-446.1261,-102.57703,1030.10938,-457.95462,21.88015,1039.47363,-498.79401,-119.40352,932.13837
2041,17,-306.03091,-138.54721,1027.28101,-332.52628,64.14415,1068.5542,-446.12051,-102.75023,1030.23877,-457.75223,21.49194,1039.81909,-498.91159,-119.26511,932.29633
2042,17.008,-306.03091,-138.54721,1027.28101,-332.52628,64.14415,1068.5542,-445.77881,-102.66872,1030.16174,-457.75223,21.49194,1039.81909,-498.79401,-119.40352,932.13837
2043,17.017,-306.03091,-138.54721,1027.28101,-332.52628,64.14415,1068.5542,-446.1261,-102.57703,1030.10938,-457.75223,21.49194,1039.81909,-498.91159,-119.26511,932.29633
2044,17.025,-306.03091,-138.54721,1027.28101,-332.52628,64.14415,1068.5542,-446.37421,-102.74092,1030.35022,-458.01434,21.36759,1039.48669,-498.91159,-119.26511,932.29633
2045,17.033,-305.57294,-139.10481,1027.22754,-332.52628,64.14415,1068.5542,-446.06708,-102.88068,1030.30908,-458.01434,21.36759,1039.48669,-498.91159,-119.26511,932.29633
2046,17.042,-305.54272,-139.1955,1027.09045,-332.52628,64.14415,1068.5542,-445.71982,-102.97237,1030.36133,-457.3887,21.37527,1039.98816,-498.79401,-119.40352,932.13837
2047,17.05,-305.67676,-139.00117,1026.96484,-332.52628,64.14415,1068.5542,-445.71982,-102.97237,1030.36133,-457.18515,21.50653,1040.07605,-498.56879,-119.04484,932.22168
2048,17.058,-305.44568,-139.21121,1026.92078,-332.52628,64.14415,1068.5542,-445.65897,-103.11789,1030.30408,-456.9346,21.74885,1040.08569,-498.50037,-119.21577,932.15344
2049,17.067,-305.49155,-139.41345,1026.59009,-332.52628,64.14415,1068.5542,-445.77023,-103.21326,1030.61133,-457.13208,21.24703,1039.99512,-498.83273,-119.32793,931.97314
2050,17.075,-305.43549,-139.48729,1026.82849,-332.52628,64.14415,1068.5542,-445.65897,-103.11789,1030.30408,-457.3909,21.18142,1040.11926,-498.54257,-119.56728,932.02893
2051,17.083,-305.43549,-139.48729,1026.82849,-332.52628,64.14415,1068.5542,-445.53348,-103.18748,1030.02698,-456.96643,21.43784,1040.02393,-498.72092,-119.69843,931.97614
2052,17.092,-305.62958,-139.38377,1026.49426,-332.52628,64.14415,1068.5542,-445.53903,-103.01424,1029.89758,-457.13208,21.24703,1039.99512,-498.72092,-119.69843,931.97614
2053,17.1,-305.43549,-139.48729,1026.82849,-332.52628,64.14415,1068.5542,-445.61786,-103.36128,1029.94922,-457.3909,21.18142,1040.11926,-498.68634,-119.70423,931.76941
2054,17.108,-305.49155,-139.41345,1026.59009,-332.52628,64.14415,1068.5542,-445.69061,-103.232,1030.22766,-456.9263,21.57216,1039.95178,-498.68634,-119.70423,931.76941
2055,17.117,-305.62958,-139.38377,1026.49426,-332.64087,63.37563,1068.2478,-445.6962,-103.05879,1030.09827,-456.9263,21.57216,1039.95178,-498.68634,-119.70423,931.76941
2056,17.125,-305.49155,-139.41345,1026.59009,-332.44336,63.45867,1068.55554,-445.62344,-103.18805,1029.8197,-456.9263,21.57216,1039.95178,-498.46005,-119.78202,931.8421
2057,17.133,-305.43549,-139.48729,1026.82849,-332.55286,62.93245,1068.30005,-445.53903,-103.01424,1029.89758,-456.9263,21.57216,1039.95178,-498.46005,-119.78202,931.8421
2058,17.142,-305.43549,-139.48729,1026.82849,-332.55286,62.93245,1068.30005,-445.53903,-103.01424,1029.89758,-457.13208,21.24703,1039.99512,-498.68634,-119.70423,931.76941
2059,17.15,-305.43549,-139.48729,1026.82849,-332.55286,62.93245,1068.30005,-445.6962,-103.05879,1030.09827,-457.08459,21.20037,1039.93115,-498.86407,-119.9715,931.75854
2060,17.158,-305.43549,-139.48729,1026.82849,-332.55286,62.93245,1068.30005,-445.53903,-103.01424,1029.89758,-456.96643,21.43784,1040.02393,-498.68634,-119.70423,931.76941
2061,17.167,-305.43549,-139.48729,1026.82849,-332.55286,62.93245,1068.30005,-445.50186,-103.07337,1030.10339,-456.76065,21.76299,1039.98059,-497.74258,-120.22019,931.84271
2062,17.175,-305.43549,-139.48729,1026.82849,-332.55286,62.93245,1068.30005,-445.25916,-103.18317,1030.01721,-456.1178,21.60836,1039.87488,-497.37946,-119.57644,932.20361
2063,17.183,-305.43549,-139.48729,1026.82849,-331.42813,62.79238,1067.93115,-445.50186,-103.07337,1030.10339,-456.66666,21.61693,1040.05151,-497.67157,-119.52982,932.25336
2064,17.192,-305.13205,-139.44644,1026.81372,-331.98877,63.45083,1068.28259,-445.42114,-103.09927,1030.1969,-456.38806,21.63491,1039.90466,-498.28073,-119.71355,932.34375
2065,17.2,-305.02881,-139.27208,1026.84668,-330.89612,63.66947,1068.11426,-445.17844,-103.20908,1030.11072,-455.99448,21.46133,1039.92151,-498.12762,-119.82481,932.40729
2066,17.208,-304.77066,-139.44383,1026.73035,-330.89612,63.66947,1068.11426,-445.08286,-103.34512,1030.41345,-455.86703,21.30023,1039.9187,-497.0914,-119.78854,932.79291
2067,17.217,-304.65237,-139.60667,1026.63208,-330.89612,63.66947,1068.11426,-444.78766,-103.60878,1030.67639,-455.72418,21.32621,1040.11145,-497.0914,-119.78854,932.79291
2068,17.225,-304.65237,-139.60667,1026.63208,-330.97934,64.35522,1068.11304,-444.91739,-103.34736,1030.72021,-455.72418,21.32621,1040.11145,-496.86456,-119.65189,932.75995
2069,17.233,-304.40805,-140.01064,1026.63831,-330.89612,63.66947,1068.11426,-444.4111,-103.63293,1030.54395,-455.67441,21.16519,1040.18054,-496.86456,-119.65189,932.75995
2070,17.242,-304.65237,-139.60667,1026.63208,-330.97934,64.35522,1068.11304,-443.82733,-103.75769,1030.82739,-455.25989,20.87838,1040.17712,-496.70227,-120.11659,932.72577
2071,17.25,-304.16104,-139.65628,1026.72168,-330.89612,63.66947,1068.11426,-444.02719,-103.95602,1030.78638,-455.13257,20.69732,1040.34155,-496.93991,-119.87993,932.67816
2072,17.258,-303.96387,-139.62892,1026.35571,-330.89612,63.66947,1068.11426,-443.82733,-103.75769,1030.82739,-455.13257,20.69732,1040.34155,-496.86456,-119.65189,932.75995
2073,17.267,-304.20981,-139.50035,1026.32007,-330.89612,63.66947,1068.11426,-444.30881,-103.86345,1030.69775,-455.64667,21.30617,1040.20691,-496.86456,-119.65189,932.75995
2074,17.275,-303.9079,-139.70274,1026.59424,-330.89612,63.66947,1068.11426,-444.27438,-103.66305,1030.43213,-455.72418,21.32621,1040.11145,-496.87506,-120.14202,932.53394
2075,17.283,-304.20981,-139.50035,1026.32007,-330.97934,64.35522,1068.11304,-444.44519,-103.52809,1030.05493,-455.63153,20.95109,1040.12512,-497.00351,-120.02208,932.2912
2076,17.292,-304.20981,-139.50035,1026.32007,-330.97934,64.35522,1068.11304,-444.12869,-103.85549,1030.46228,-455.24249,21.02937,1040.09106,-496.87506,-120.14202,932.53394
2077,17.3,-304.32803,-139.33752,1026.41833,-330.97934,64.35522,1068.11304,-443.93417,-103.87304,1030.67651,-455.33511,21.40445,1040.07739,-496.87506,-120.14202,932.53394
2078,17.308,-304.20981,-139.50035,1026.32007,-331.09366,63.58642,1067.8064,-444.44519,-103.52809,1030.05493,-455.33511,21.40445,1040.07739,-496.87506,-120.14202,932.53394
2079,17.317,-304.10654,-139.32599,1026.35291,-331.09366,63.58642,1067.8064,-444.44519,-103.52809,1030.05493,-455.61417,21.10207,1040.03918,-497.22906,-120.38082,932.20782
2080,17.325,-304.10654,-139.32599,1026.35291,-330.97934,64.35522,1068.11304,-444.57932,-103.36855,1029.98254,-455.24249,21.02937,1040.09106,-496.87506,-120.14202,932.53394
2081,17.333,-304.10654,-139.32599,1026.35291,-330.97934,64.35522,1068.11304,-444.06186,-103.64667,1030.42529,-455.24249,21.02937,1040.09106,-496.87506,-120.14202,932.53394
2082,17.342,-304.20981,-139.50035,1026.32007,-330.97934,64.35522,1068.11304,-444.43347,-103.39475,1029.96997,-455.33511,21.40445,1040.07739,-496.70227,-120.11659,932.72577
2083,17.35,-304.10654,-139.32599,1026.35291,-330.23703,64.78615,1068.34937,-444.32666,-103.27953,1030.12085,-455.60556,21.48978,1040.12329,-496.92352,-119.44335,932.60596
2084,17.358,-303.97882,-139.29175,1026.48694,-330.23703,64.78615,1068.34937,-444.40192,-103.28057,1030.04639,-455.60556,21.48978,1040.12329,-497.27103,-119.31372,932.54919
2085,17.367,-303.8606,-139.45457,1026.38867,-330.23703,64.78615,1068.34937,-443.59503,-103.5025,1030.58093,-455.20374,21.56939,1040.25574,-497.00998,-119.45055,932.77582
2086,17.375,-303.8606,-139.45457,1026.38867,-330.23703,64.78615,1068.34937,-443.43115,-103.56068,1030.64368,-455.20374,21.56939,1040.25574,-496.86456,-119.65189,932.75995
2087,17.383,-303.73322,-139.44957,1026.20093,-329.74069,64.62718,1068.4342,-443.64728,-103.54043,1030.70728,-455.03427,21.45642,1040.22681,-496.81638,-119.49802,932.60071
2088,17.392,-303.73322,-139.44957,1026.20093,-329.66202,64.7344,1068.11133,-443.64728,-103.54043,1030.70728,-454.90073,20.92122,1040.29285,-496.98474,-119.37739,932.85931
2089,17.4,-303.83868,-139.60857,1026.18811,-329.66202,64.7344,1068.11133,-443.67352,-103.43872,1030.45764,-454.90073,20.92122,1040.29285,-496.94739,-119.57702,932.73724
2090,17.408,-303.46002,-140.12772,1026.13367,-329.15707,64.58743,1068.1604,-443.43115,-103.56068,1030.64368,-454.99341,21.29636,1040.27917,-497.0249,-119.18497,932.71124
2091,17.417,-303.70413,-139.72389,1026.12744,-329.15707,64.58743,1068.1604,-443.43115,-103.56068,1030.64368,-454.99341,21.29636,1040.27917,-497.00998,-119.45055,932.77582
2092,17.425,-303.46002,-140.12772,1026.13367,-329.15707,64.58743,1068.1604,-443.43115,-103.56068,1030.64368,-454.90073,20.92122,1040.29285,-496.94531,-119.52237,932.78284
2093,17.433,-303.22708,-139.9023,1026.09753,-329.15707,64.58743,1068.1604,-443.43115,-103.56068,1030.64368,-454.90073,20.92122,1040.29285,-496.82382,-119.97718,932.716
2094,17.442,-303.46002,-140.12772,1026.13367,-329.15707,64.58743,1068.1604,-443.42279,-103.47647,1030.42053,-454.90073,20.92122,1040.29285,-496.70227,-120.11659,932.72577
2095,17.45,-303.61917,-140.08452,1026.03931,-329.15707,64.58743,1068.1604,-443.43115,-103.56068,1030.64368,-454.90073,20.92122,1040.29285,-496.70227,-120.11659,932.72577
2096,17.458,-303.61917,-140.08452,1026.03931,-329.15707,64.58743,1068.1604,-443.42279,-103.47647,1030.42053,-454.90073,20.92122,1040.29285,-496.92352,-119.44335,932.60596
2097,17.467,-303.38623,-139.8591,1026.00317,-329.15707,64.58743,1068.1604,-443.60315,-103.37112,1030.2439,-454.90073,20.92122,1040.29285,-497.05557,-119.79993,932.16724
2098,17.475,-303.63037,-139.45525,1025.99683,-329.15707,64.58743,1068.1604,-443.63474,-103.48534,1030.16748,-454.92194,20.76792,1040.22888,-497.05557,-119.79993,932.16724
2099,17.483,-303.83133,-140.16132,1025.98047,-329.15707,64.58743,1068.1604,-443.63474,-103.48534,1030.16748,-454.92194,20.76792,1040.22888,-497.05557,-119.79993,932.16724
2100,17.492,-304.07553,-139.75746,1025.97424,-329.66202,64.7344,1068.11133,-443.70999,-103.48644,1030.09302,-454.92194,20.76792,1040.22888,-497.05557,-119.79993,932.16724
2101,17.5,-303.86331,-139.68066,1026.03308,-329.66202,64.7344,1068.11133,-443.63474,-103.48534,1030.16748,-455.01462,21.14305,1040.21521,-497.16727,-119.42946,932.16425
2102,17.508,-303.86331,-139.68066,1026.03308,-329.66202,64.7344,1068.11133,-443.70999,-103.48644,1030.09302,-454.97171,20.92895,1040.15991,-497.05557,-119.79993,932.16724
2103,17.517,-304.08206,-139.56183,1026.00928,-329.66202,64.7344,1068.11133,-444.26517,-103.3108,1029.93457,-455.24249,21.02937,1040.09106,-497.05557,-119.79993,932.16724
2104,17.525,-304.08206,-139.56183,1026.00928,-329.66202,64.7344,1068.11133,-444.18994,-103.30976,1030.00903,-455.34341,21.00163,1040.10803,-497.05557,-119.79993,932.16724
2105,17.533,-303.75784,-139.52168,1026.0459,-329.66202,64.7344,1068.11133,-443.70999,-103.48644,1030.09302,-455.1412,21.04197,1040.18884,-497.05557,-119.79993,932.16724
2106,17.542,-303.70413,-139.72389,1026.12744,-330.23703,64.78615,1068.34937,-443.60315,-103.37112,1030.2439,-455.23383,21.41707,1040.17517,-497.03879,-119.54949,932.40704
2107,17.55,-303.59866,-139.5649,1026.14026,-329.66202,64.7344,1068.11133,-443.43115,-103.56068,1030.64368,-455.06436,21.30408,1040.14624,-497.03879,-119.54949,932.40704
2108,17.558,-303.70413,-139.72389,1026.12744,-330.23703,64.78615,1068.34937,-443.42279,-103.47647,1030.42053,-455.1412,21.04197,1040.18884,-496.92352,-119.44335,932.60596
2109,17.567,-303.59866,-139.5649,1026.14026,-330.23703,64.78615,1068.34937,-443.43115,-103.56068,1030.64368,-455.11111,21.19429,1040.26941,-496.70227,-120.11659,932.72577
2110,17.575,-303.36575,-139.33945,1026.10413,-329.66202,64.7344,1068.11133,-443.43115,-103.56068,1030.64368,-455.11111,21.19429,1040.26941,-496.70227,-120.11659,932.72577
2111,17.583,-303.36575,-139.33945,1026.10413,-329.66202,64.7344,1068.11133,-443.43115,-103.56068,1030.64368,-454.94162,21.08128,1040.24048,-496.42719,-120.1739,932.62378
2112,17.592,-303.36575,-139.33945,1026.10413,-329.66202,64.7344,1068.11133,-443.43115,-103.56068,1030.64368,-454.94162,21.08128,1040.24048,-496.72473,-119.59399,932.61523
2113,17.6,-303.36575,-139.33945,1026.10413,-329.66202,64.7344,1068.11133,-443.43115,-103.56068,1030.64368,-454.99341,21.29636,1040.27917,-496.86456,-119.65189,932.75995
2114,17.608,-303.36575,-139.33945,1026.10413,-329.66202,64.7344,1068.11133,-443.43115,-103.56068,1030.64368,-454.90073,20.92122,1040.29285,-496.86456,-119.65189,932.75995
2115,17.617,-303.11261,-139.38593,1025.97656,-329.66202,64.7344,1068.11133,-443.43115,-103.56068,1030.64368,-454.94162,21.08128,1040.24048,-496.58945,-119.70923,932.65796
2116,17.625,-303.24661,-139.19148,1025.85083,-329.66202,64.7344,1068.11133,-443.43115,-103.56068,1030.64368,-454.97171,20.92895,1040.15991,-496.42719,-120.1739,932.62378
2117,17.633,-303.37079,-139.0117,1025.55212,-329.66202,64.7344,1068.11133,-443.43115,-103.56068,1030.64368,-454.97171,20.92895,1040.15991,-496.62799,-120.16026,932.43524
2118,17.642,-303.37079,-139.0117,1025.55212,-329.66202,64.7344,1068.11133,-443.43115,-103.56068,1030.64368,-454.92194,20.76792,1040.22888,-496.62799,-120.16026,932.43524
2119,17.65,-303.37079,-139.0117,1025.55212,-329.66202,64.7344,1068.11133,-443.46277,-103.6749,1030.56714,-454.97171,20.92895,1040.15991,-496.62799,-120.16026,932.43524
2120,17.658,-303.62393,-138.96524,1025.67969,-329.66202,64.7344,1068.11133,-443.46277,-103.6749,1030.56714,-454.97171,20.92895,1040.15991,-496.62799,-120.16026,932.43524
2121,17.667,-303.37079,-139.0117,1025.55212,-329.66202,64.7344,1068.11133,-443.46277,-103.6749,1030.56714,-455.09143,20.88097,1040.25793,-496.62799,-120.16026,932.43524
2122,17.675,-303.65894,-139.10179,1025.88391,-329.66202,64.7344,1068.11133,-443.46277,-103.6749,1030.56714,-454.97171,20.92895,1040.15991,-496.62799,-120.16026,932.43524
2123,17.683,-303.87766,-138.98291,1025.86011,-329.66202,64.7344,1068.11133,-443.53806,-103.67606,1030.49268,-455.07022,21.03425,1040.32178,-496.62799,-120.16026,932.43524
2124,17.692,-303.87766,-138.98291,1025.86011,-329.66202,64.7344,1068.11133,-443.53806,-103.67606,1030.49268,-455.24249,21.02937,1040.09106,-496.87506,-120.14202,932.53394
2125,17.7,-304.11057,-139.20842,1025.89624,-330.23703,64.78615,1068.34937,-443.92242,-103.73975,1030.59167,-455.24249,21.02937,1040.09106,-496.87506,-120.14202,932.53394
2126,17.708,-304.11719,-139.29132,1026.06946,-329.66202,64.7344,1068.11133,-443.92242,-103.73975,1030.59167,-455.24249,21.02937,1040.09106,-496.62799,-120.16026,932.43524
2127,17.717,-304.25116,-139.09692,1025.9436,-330.97934,64.35522,1068.11304,-443.89084,-103.62553,1030.66809,-455.24249,21.02937,1040.09106,-496.87506,-120.14202,932.53394
2128,17.725,-304.11719,-139.29132,1026.06946,-330.97934,64.35522,1068.11304,-443.59946,-103.6447,1030.67896,-455.25989,20.87838,1040.17712,-496.62799,-120.16026,932.43524
2129,17.733,-304.10654,-139.32599,1026.35291,-330.97934,64.35522,1068.11304,-443.81558,-103.6244,1030.74255,-455.70682,21.47718,1040.02551,-496.87506,-120.14202,932.53394
2130,17.742,-304.11719,-139.29132,1026.06946,-330.40436,64.30356,1067.875,-443.89084,-103.62553,1030.66809,-455.70682,21.47718,1040.02551,-496.86456,-119.65189,932.75995
2131,17.75,-303.88025,-138.90105,1026.00317,-330.97934,64.35522,1068.11304,-443.81558,-103.6244,1030.74255,-455.33511,21.40445,1040.07739,-496.86456,-119.65189,932.75995
2132,17.758,-304.25116,-139.09692,1025.9436,-330.97934,64.35522,1068.11304,-443.59946,-103.6447,1030.67896,-455.35251,21.25348,1040.16345,-496.86456,-119.65189,932.75995
2133,17.767,-304.25116,-139.09692,1025.9436,-330.97934,64.35522,1068.11304,-443.81558,-103.6244,1030.74255,-455.33511,21.40445,1040.07739,-496.92352,-119.44335,932.60596
2134,17.775,-304.25116,-139.09692,1025.9436,-330.40436,64.30356,1067.875,-444.00891,-103.5461,1030.52576,-455.70682,21.47718,1040.02551,-496.92352,-119.44335,932.60596
2135,17.783,-304.35663,-139.25595,1025.93079,-330.97934,64.35522,1068.11304,-444.11899,-103.52304,1030.13477,-455.72418,21.32621,1040.11145,-496.92352,-119.44335,932.60596
2136,17.792,-304.56885,-139.33276,1025.87195,-330.40436,64.30356,1067.875,-444.43347,-103.39475,1029.96997,-455.70682,21.47718,1040.02551,-497.16727,-119.42946,932.16425
2137,17.8,-304.42828,-139.44424,1025.82458,-330.97934,64.35522,1068.11304,-444.11899,-103.52304,1030.13477,-455.72418,21.32621,1040.11145,-497.39279,-119.78818,932.08087
2138,17.808,-304.42828,-139.44424,1025.82458,-330.97934,64.35522,1068.11304,-444.11118,-103.51189,1030.00183,-455.70682,21.47718,1040.02551,-497.2811,-120.15867,932.08386
2139,17.817,-304.44336,-139.28668,1025.50623,-331.15259,63.88202,1067.77161,-444.66751,-103.18563,1029.8147,-455.70682,21.47718,1040.02551,-497.33957,-119.70882,932.09344
2140,17.825,-304.57748,-139.0923,1025.38037,-330.57748,63.83025,1067.53357,-444.67532,-103.19682,1029.94775,-455.70682,21.47718,1040.02551,-497.46432,-119.4353,931.81116
2141,17.833,-304.44336,-139.28668,1025.50623,-330.57748,63.83025,1067.53357,-444.93448,-102.96151,1029.75,-455.79947,21.54033,1039.88489,-497.60767,-119.70833,931.59357
2142,17.842,-304.44336,-139.28668,1025.50623,-331.15259,63.88202,1067.77161,-444.60663,-103.02276,1029.63306,-455.79947,21.54033,1039.88489,-497.5304,-120.07332,931.80334
2143,17.85,-304.57748,-139.0923,1025.38037,-331.15259,63.88202,1067.77161,-445.1362,-103.24639,1029.48816,-455.86478,21.49417,1039.78748,-497.82336,-120.03184,931.86682
2144,17.858,-304.78778,-139.14159,1025.64929,-331.15259,63.88202,1067.77161,-444.95828,-103.06448,1029.54053,-455.86478,21.49417,1039.78748,-497.82336,-120.03184,931.86682
2145,17.867,-304.78778,-139.14159,1025.64929,-331.15259,63.88202,1067.77161,-445.12662,-103.1486,1029.57593,-455.98807,21.64117,1039.74072,-498.22736,-120.10646,931.62671
2146,17.875,-304.73056,-138.97476,1025.42505,-331.15259,63.88202,1067.77161,-445.10461,-103.13226,1029.56458,-456.25833,21.66768,1039.77063,-498.12695,-119.58915,931.58441
2147,17.883,-305.00015,-139.04688,1025.58948,-331.15259,63.88202,1067.77161,-445.12662,-103.1486,1029.57593,-456.11551,21.80226,1039.74353,-498.12695,-119.58915,931.58441
2148,17.892,-304.78778,-139.14159,1025.64929,-331.15259,63.88202,1067.77161,-445.12662,-103.1486,1029.57593,-456.11551,21.80226,1039.74353,-498.12695,-119.58915,931.58441
2149,17.9,-304.94296,-138.88004,1025.36523,-331.15259,63.88202,1067.77161,-445.095,-103.03445,1029.65234,-456.11551,21.80226,1039.74353,-498.16144,-119.58362,931.79114
2150,17.908,-304.84879,-138.81194,1025.52332,-331.15259,63.88202,1067.77161,-445.095,-103.03445,1029.65234,-456.47977,21.97482,1039.70239,-498.16144,-119.58362,931.79114
2151,17.917,-305.00015,-139.04688,1025.58948,-331.15259,63.88202,1067.77161,-445.10281,-103.04563,1029.7854,-456.20947,21.94828,1039.67261,-498.508,-119.57307,931.8222
2152,17.925,-304.82123,-138.97559,1025.84448,-331.82248,64.014,1067.86755,-445.25693,-102.99874,1029.75476,-456.20947,21.94828,1039.67261,-498.39624,-119.94361,931.8252
2153,17.933,-305.00015,-139.04688,1025.58948,-331.82248,64.014,1067.86755,-445.095,-103.03445,1029.65234,-456.75842,21.95682,1039.84937,-498.26181,-120.10092,931.83344
2154,17.942,-305.11838,-138.88405,1025.68787,-332.35352,63.75859,1067.59509,-445.095,-103.03445,1029.65234,-456.75842,21.95682,1039.84937,-498.33038,-119.30563,931.83301
2155,17.95,-304.94296,-138.88004,1025.36523,-332.35352,63.75859,1067.59509,-445.095,-103.03445,1029.65234,-456.47977,21.97482,1039.70239,-498.33038,-119.30563,931.83301
2156,17.958,-304.94296,-138.88004,1025.36523,-331.82248,64.014,1067.86755,-445.10281,-103.04563,1029.7854,-456.47977,21.97482,1039.70239,-498.508,-119.57307,931.8222
2157,17.967,-304.94296,-138.88004,1025.36523,-331.82248,64.014,1067.86755,-445.26474,-103.00993,1029.88782,-456.75842,21.95682,1039.84937,-498.29584,-119.42628,931.78284
2158,17.975,-304.94296,-138.88004,1025.36523,-331.68365,63.6267,1067.49927,-445.095,-103.03445,1029.65234,-456.47977,21.97482,1039.70239,-498.54257,-119.56728,932.02893
2159,17.983,-304.94296,-138.88004,1025.36523,-331.82248,64.014,1067.86755,-445.095,-103.03445,1029.65234,-456.47977,21.97482,1039.70239,-498.29584,-119.42628,931.78284
2160,17.992,-305.00015,-139.04688,1025.58948,-331.78546,64.13416,1067.53906,-445.095,-103.03445,1029.65234,-456.47977,21.97482,1039.70239,-498.508,-119.57307,931.8222
2161,18,-304.94296,-138.88004,1025.36523,-332.3165,63.87871,1067.26648,-445.26474,-103.00993,1029.88782,-456.47977,21.97482,1039.70239,-498.68634,-119.70423,931.76941
2162,18.008,-304.94296,-138.88004,1025.36523,-332.35352,63.75859,1067.59509,-445.095,-103.03445,1029.65234,-456.47977,21.97482,1039.70239,-498.40366,-119.35484,931.50818
2163,18.017,-304.94296,-138.88004,1025.36523,-331.78546,64.13416,1067.53906,-445.25693,-102.99874,1029.75476,-456.75842,21.95682,1039.84937,-498.65189,-119.70977,931.56268
2164,18.025,-304.94296,-138.88004,1025.36523,-331.82248,64.014,1067.86755,-445.25693,-102.99874,1029.75476,-456.75842,21.95682,1039.84937,-498.68634,-119.70423,931.76941
2165,18.033,-305.14865,-139.05209,1025.3446,-332.35352,63.75859,1067.59509,-445.26474,-103.00993,1029.88782,-456.47977,21.97482,1039.70239,-498.68634,-119.70423,931.76941
2166,18.042,-304.94296,-138.88004,1025.36523,-332.14325,64.35186,1067.60791,-445.26474,-103.00993,1029.88782,-456.47977,21.97482,1039.70239,-498.86407,-119.9715,931.75854
2167,18.05,-305.6803,-139.09471,1025.67505,-332.3165,63.87871,1067.26648,-445.26474,-103.00993,1029.88782,-456.47977,21.97482,1039.70239,-498.86407,-119.9715,931.75854
2168,18.058,-305.56204,-139.25755,1025.57666,-332.63754,64.14405,1066.83826,-445.31818,-102.87946,1029.8175,-456.75842,21.95682,1039.84937,-498.68634,-119.70423,931.76941
2169,18.067,-305.56204,-139.25755,1025.57666,-332.63754,64.14405,1066.83826,-445.31818,-102.87946,1029.8175,-456.75842,21.95682,1039.84937,-498.65189,-119.70977,931.56268
2170,18.075,-305.78287,-139.05154,1025.49829,-332.35352,63.75859,1067.59509,-445.31818,-102.87946,1029.8175,-456.75842,21.95682,1039.84937,-498.68634,-119.70423,931.76941
2171,18.083,-305.97067,-139.05595,1025.80054,-332.3165,63.87871,1067.26648,-445.31818,-102.87946,1029.8175,-456.75842,21.95682,1039.84937,-498.68634,-119.70423,931.76941
2172,18.092,-305.97067,-139.05595,1025.80054,-332.63754,64.14405,1066.83826,-445.31818,-102.87946,1029.8175,-456.75842,21.95682,1039.84937,-498.86407,-119.9715,931.75854
2173,18.1,-306.28784,-139.05571,1025.87744,-332.3165,63.87871,1067.26648,-445.31818,-102.87946,1029.8175,-456.75842,21.95682,1039.84937,-498.96951,-120.0528,932.03058
2174,18.108,-306.28784,-139.05571,1025.87744,-332.67462,64.02401,1067.16687,-445.31818,-102.87946,1029.8175,-456.75842,21.95682,1039.84937,-498.68634,-119.70423,931.76941
2175,18.117,-305.97067,-139.05595,1025.80054,-332.67462,64.02401,1067.16687,-445.31818,-102.87946,1029.8175,-456.75842,21.95682,1039.84937,-498.68634,-119.70423,931.76941
2176,18.125,-305.75262,-138.88348,1025.84155,-332.67462,64.02401,1067.16687,-445.31818,-102.87946,1029.8175,-456.75842,21.95682,1039.84937,-498.68634,-119.70423,931.76941
2177,18.133,-306.28784,-139.05571,1025.87744,-332.35352,63.75859,1067.59509,-445.31818,-102.87946,1029.8175,-456.75842,21.95682,1039.84937,-498.79816,-119.33374,931.76642
2178,18.142,-306.28784,-139.05571,1025.87744,-332.35352,63.75859,1067.59509,-445.31818,-102.87946,1029.8175,-456.75842,21.95682,1039.84937,-498.87567,-119.15595,931.83093
2179,18.15,-305.85239,-139.21881,1025.70215,-332.35352,63.75859,1067.59509,-445.56082,-102.76969,1029.90369,-456.75842,21.95682,1039.84937,-499.15878,-119.50452,932.09204
2180,18.158,-305.87759,-139.25502,1025.65637,-332.3165,63.87871,1067.26648,-445.31818,-102.87946,1029.8175,-456.9642,21.63172,1039.89258,-498.94159,-119.79375,931.82306
2181,18.167,-306.16953,-139.21858,1025.77917,-332.35352,63.75859,1067.59509,-445.31818,-102.87946,1029.8175,-456.75842,21.95682,1039.84937,-498.94159,-119.79375,931.82306
2182,18.175,-306.16953,-139.21858,1025.77917,-332.35352,63.75859,1067.59509,-445.31818,-102.87946,1029.8175,-456.75842,21.95682,1039.84937,-498.68634,-119.70423,931.76941
2183,18.183,-306.16953,-139.21858,1025.77917,-332.67462,64.02401,1067.16687,-445.56082,-102.76969,1029.90369,-456.75842,21.95682,1039.84937,-498.68634,-119.70423,931.76941
2184,18.192,-305.57358,-139.1962,1025.25305,-332.35352,63.75859,1067.59509,-445.58398,-102.88544,1029.84192,-456.75842,21.95682,1039.84937,-498.76373,-119.33928,931.55969
2185,18.2,-306.18103,-139.15724,1025.45544,-332.35352,63.75859,1067.59509,-445.57617,-102.87424,1029.70898,-457.28769,21.88255,1039.65149,-498.76373,-119.33928,931.55969
2186,18.208,-306.16953,-139.21858,1025.77917,-332.18027,64.23173,1067.9364,-445.57617,-102.87424,1029.70898,-457.32776,21.74827,1039.72351,-498.97589,-119.601,931.75555
2187,18.217,-305.95862,-139.36093,1025.53662,-332.18027,64.23173,1067.9364,-445.66055,-103.04807,1029.6311,-457.32776,21.74827,1039.72351,-498.86407,-119.9715,931.75854
2188,18.225,-306.25055,-139.32449,1025.65942,-332.35352,63.75859,1067.59509,-445.66055,-103.04807,1029.6311,-457.3887,21.37527,1039.98816,-498.86407,-119.9715,931.75854
2189,18.233,-306.16953,-139.21858,1025.77917,-332.18027,64.23173,1067.9364,-445.6702,-103.14583,1029.54333,-457.28769,21.88255,1039.65149,-498.87747,-120.06789,931.47931
2190,18.242,-306.16953,-139.21858,1025.77917,-332.18027,64.23173,1067.9364,-445.9902,-103.07349,1029.52722,-457.28769,21.88255,1039.65149,-498.76373,-119.33928,931.55969
2191,18.25,-306.16953,-139.21858,1025.77917,-332.18027,64.23173,1067.9364,-446.17453,-103.09871,1029.69177,-457.54657,21.81697,1039.77576,-498.81906,-119.6711,931.38849
2192,18.258,-306.36887,-139.16161,1025.75769,-332.35352,63.75859,1067.59509,-446.17453,-103.09871,1029.69177,-457.54657,21.81697,1039.77576,-499.17981,-120.06986,931.22565
2193,18.267,-306.29474,-139.23891,1025.94678,-332.18027,64.23173,1067.9364,-445.9902,-103.07349,1029.52722,-457.8703,21.25455,1039.72644,-499.17981,-120.06986,931.22565
2194,18.275,-306.28784,-139.05571,1025.87744,-332.35352,63.75859,1067.59509,-446.17453,-103.09871,1029.69177,-457.98843,21.01731,1039.63379,-499.01266,-120.10855,931.39984
2195,18.283,-306.29474,-139.23891,1025.94678,-332.35352,63.75859,1067.59509,-446.16492,-103.00094,1029.77954,-457.98843,21.01731,1039.63379,-499.32013,-119.96027,931.01703
2196,18.292,-306.29474,-139.23891,1025.94678,-332.45364,62.91608,1067.29724,-446.55252,-103.24569,1029.76099,-458.24393,21.41137,1039.18884,-499.34158,-119.83694,931.26837
2197,18.3,-306.41306,-139.07603,1026.04517,-332.45364,62.91608,1067.29724,-446.17453,-103.09871,1029.69177,-458.06754,21.37341,1039.38708,-499.20123,-119.94651,931.47699
2198,18.308,-306.41306,-139.07603,1026.04517,-332.45364,62.91608,1067.29724,-446.29889,-103.25499,1029.64966,-457.65814,22.09787,1039.57043,-499.0311,-119.92011,931.38916
2199,18.317,-306.49408,-139.18193,1025.92542,-332.45364,62.91608,1067.29724,-446.29889,-103.25499,1029.64966,-457.98181,21.53547,1039.52112,-499.54709,-120.33313,931.4505
2200,18.325,-306.29474,-139.23891,1025.94678,-332.45364,62.91608,1067.29724,-446.55252,-103.24569,1029.76099,-458.18564,21.13617,1039.29443,-499.39691,-120.16874,931.09723
2201,18.333,-306.25055,-139.32449,1025.65942,-332.85461,62.54634,1067.43872,-446.55252,-103.24569,1029.76099,-458.44989,21.08692,1039.23218,-499.68741,-120.22356,931.24194
2202,18.342,-306.49408,-139.18193,1025.92542,-332.45364,62.91608,1067.29724,-446.55252,-103.24569,1029.76099,-458.24393,21.41137,1039.18884,-499.68741,-120.22356,931.24194
2203,18.35,-306.49771,-139.37209,1025.67029,-332.45364,62.91608,1067.29724,-446.29889,-103.25499,1029.64966,-457.98181,21.53547,1039.52112,-499.39691,-120.16874,931.09723
2204,18.358,-306.49771,-139.37209,1025.67029,-332.45364,62.91608,1067.29724,-446.29889,-103.25499,1029.64966,-457.92349,21.26034,1039.62671,-499.68741,-120.22356,931.24194
2205,18.367,-306.3725,-139.35175,1025.50256,-332.85461,62.54634,1067.43872,-446.29889,-103.25499,1029.64966,-457.92862,21.52968,1039.62073,-499.68741,-120.22356,931.24194
2206,18.375,-306.37573,-139.34482,1025.82715,-332.45364,62.91608,1067.29724,-446.55252,-103.24569,1029.76099,-458.07266,21.64278,1039.3811,-499.39691,-120.16874,931.09723
2207,18.383,-306.3725,-139.35175,1025.50256,-332.45364,62.91608,1067.29724,-446.55252,-103.24569,1029.76099,-458.06754,21.37341,1039.38708,-499.39691,-120.16874,931.09723
2208,18.392,-306.3725,-139.35175,1025.50256,-332.45364,62.91608,1067.29724,-446.55252,-103.24569,1029.76099,-458.18564,21.13617,1039.29443,-499.68741,-120.22356,931.24194
2209,18.4,-306.3725,-139.35175,1025.50256,-332.45364,62.91608,1067.29724,-446.64102,-103.41776,1029.62854,-458.13245,21.13036,1039.39417,-499.57556,-120.59399,931.24493
2210,18.408,-306.3725,-139.35175,1025.50256,-332.85461,62.54634,1067.43872,-446.29889,-103.25499,1029.64966,-458.13245,21.13036,1039.39417,-499.57556,-120.59399,931.24493
2211,18.417,-306.3725,-139.35175,1025.50256,-332.45364,62.91608,1067.29724,-446.29889,-103.25499,1029.64966,-458.01434,21.36759,1039.48669,-499.57556,-120.59399,931.24493
2212,18.425,-306.3725,-139.35175,1025.50256,-332.85461,62.54634,1067.43872,-446.29889,-103.25499,1029.64966,-457.8703,21.25455,1039.72644,-499.68741,-120.22356,931.24194
2213,18.433,-306.49771,-139.37209,1025.67029,-332.85461,62.54634,1067.43872,-446.55252,-103.24569,1029.76099,-457.8703,21.25455,1039.72644,-499.57556,-120.59399,931.24493
2214,18.442,-306.49771,-139.37209,1025.67029,-332.85461,62.54634,1067.43872,-446.55252,-103.24569,1029.76099,-457.98843,21.01731,1039.63379,-499.57556,-120.59399,931.24493
2215,18.45,-306.49771,-139.37209,1025.67029,-332.85461,62.54634,1067.43872,-446.64102,-103.41776,1029.62854,-458.33841,20.8059,1039.43738,-499.57556,-120.59399,931.24493
2216,18.458,-306.49771,-139.37209,1025.67029,-333.10187,62.44251,1067.05408,-446.69214,-103.40795,1029.54053,-458.33841,20.8059,1039.43738,-499.57556,-120.59399,931.24493
2217,18.467,-306.49771,-139.37209,1025.67029,-333.10187,62.44251,1067.05408,-446.73303,-103.14064,1029.58435,-458.13245,21.13036,1039.39417,-499.57556,-120.59399,931.24493
2218,18.475,-306.49771,-139.37209,1025.67029,-333.10187,62.44251,1067.05408,-446.55252,-103.24569,1029.76099,-458.18564,21.13617,1039.29443,-499.59412,-120.7478,931.1825
2219,18.483,-306.49771,-139.37209,1025.67029,-333.10187,62.44251,1067.05408,-446.55252,-103.24569,1029.76099,-458.06754,21.37341,1039.38708,-499.57556,-120.59399,931.24493
2220,18.492,-306.3725,-139.35175,1025.50256,-333.10187,62.44251,1067.05408,-446.55252,-103.24569,1029.76099,-458.04163,21.02309,1039.53418,-499.57556,-120.59399,931.24493
2221,18.5,-306.3725,-139.35175,1025.50256,-333.10187,62.44251,1067.05408,-446.29889,-103.25499,1029.64966,-458.04163,21.02309,1039.53418,-499.59412,-120.7478,931.1825
2222,18.508,-306.3725,-139.35175,1025.50256,-332.85461,62.54634,1067.43872,-446.64102,-103.41776,1029.62854,-458.3916,20.81171,1039.33777,-499.57556,-120.59399,931.24493
2223,18.517,-306.3725,-139.35175,1025.50256,-332.85461,62.54634,1067.43872,-446.64102,-103.41776,1029.62854,-458.33841,20.8059,1039.43738,-499.94559,-120.7946,931.7157
2224,18.525,-306.3725,-139.35175,1025.50256,-332.85461,62.54634,1067.43872,-446.55252,-103.24569,1029.76099,-458.13245,21.13036,1039.39417,-499.78122,-120.62395,931.44733
2225,18.533,-306.49771,-139.37209,1025.67029,-332.85461,62.54634,1067.43872,-446.55252,-103.24569,1029.76099,-458.01434,21.36759,1039.48669,-499.57556,-120.59399,931.24493
2226,18.542,-306.49771,-139.37209,1025.67029,-332.85461,62.54634,1067.43872,-446.5603,-103.25683,1029.89404,-457.54657,21.81697,1039.77576,-499.60245,-120.74244,931.65649
2227,18.55,-306.3725,-139.35175,1025.50256,-332.85461,62.54634,1067.43872,-446.5603,-103.25683,1029.89404,-457.8703,21.25455,1039.72644,-499.60245,-120.74244,931.65649
2228,18.558,-306.3725,-139.35175,1025.50256,-332.85461,62.54634,1067.43872,-446.5603,-103.25683,1029.89404,-457.8703,21.25455,1039.72644,-499.60245,-120.74244,931.65649
2229,18.567,-306.3725,-139.35175,1025.50256,-332.85461,62.54634,1067.43872,-446.30667,-103.26615,1029.78259,-458.19659,20.49886,1039.80823,-499.69443,-120.72724,932.20782
2230,18.575,-306.3725,-139.35175,1025.50256,-332.85461,62.54634,1067.43872,-446.64883,-103.42889,1029.76147,-458.19659,20.49886,1039.80823,-499.59967,-120.8742,931.72186
2231,18.583,-306.3725,-139.35175,1025.50256,-332.85461,62.54634,1067.43872,-446.39523,-103.43822,1029.65015,-457.9906,20.82338,1039.76501,-499.76685,-120.91307,931.92493
2232,18.592,-306.12799,-139.75584,1025.50891,-332.85461,62.54634,1067.43872,-446.5603,-103.25683,1029.89404,-457.8703,21.25455,1039.72644,-499.60245,-120.74244,931.65649
2233,18.6,-306.3725,-139.35175,1025.50256,-332.85461,62.54634,1067.43872,-446.5603,-103.25683,1029.89404,-457.8703,21.25455,1039.72644,-499.60245,-120.74244,931.65649
2234,18.608,-306.3725,-139.35175,1025.50256,-333.30927,62.55425,1067.71191,-446.5603,-103.25683,1029.89404,-457.87247,21.06065,1039.85767,-499.62103,-120.89624,931.59399
2235,18.617,-306.34631,-139.49158,1025.27356,-333.30927,62.55425,1067.71191,-446.39523,-103.43822,1029.65015,-457.9906,20.82338,1039.76501,-499.45383,-120.85733,931.39099
2236,18.625,-306.3725,-139.35175,1025.50256,-333.30927,62.55425,1067.71191,-446.39523,-103.43822,1029.65015,-458.19659,20.49886,1039.80823,-499.61826,-121.02799,931.65942
2237,18.633,-306.3725,-139.35175,1025.50256,-333.30927,62.55425,1067.71191,-446.64883,-103.42889,1029.76147,-458.19443,20.69285,1039.677,-499.75854,-120.91848,931.45093
2238,18.642,-306.49771,-139.37209,1025.67029,-333.30927,62.55425,1067.71191,-446.64102,-103.41776,1029.62854,-458.19443,20.69285,1039.677,-499.96414,-120.94839,931.65326
2239,18.65,-306.49771,-139.37209,1025.67029,-333.30927,62.55425,1067.71191,-446.64102,-103.41776,1029.62854,-458.34058,20.61188,1039.5686,-499.79977,-120.77775,931.38483
2240,18.658,-306.49771,-139.37209,1025.67029,-333.30927,62.55425,1067.71191,-446.29889,-103.25499,1029.64966,-458.04163,21.02309,1039.53418,-499.59412,-120.7478,931.1825
2241,18.667,-306.3725,-139.35175,1025.50256,-333.30927,62.55425,1067.71191,-446.34998,-103.24519,1029.56165,-457.92349,21.26034,1039.62671,-499.45383,-120.85733,931.39099
2242,18.675,-306.3725,-139.35175,1025.50256,-333.30927,62.55425,1067.71191,-446.29889,-103.25499,1029.64966,-458.04163,21.02309,1039.53418,-499.45383,-120.85733,931.39099
2243,18.683,-306.34235,-139.44237,1025.36548,-333.30927,62.55425,1067.71191,-446.38742,-103.42706,1029.51721,-458.24762,20.69863,1039.57739,-499.62103,-120.89624,931.59399
2244,18.692,-306.3725,-139.35175,1025.50256,-332.85461,62.54634,1067.43872,-446.38742,-103.42706,1029.51721,-458.24762,20.69863,1039.57739,-499.76685,-120.91307,931.92493
2245,18.7,-306.34235,-139.44237,1025.36548,-333.30927,62.55425,1067.71191,-446.38742,-103.42706,1029.51721,-458.24762,20.69863,1039.57739,-499.59967,-120.8742,931.72186
2246,18.708,-306.3725,-139.35175,1025.50256,-333.30927,62.55425,1067.71191,-446.11456,-103.2298,1029.48511,-457.98843,21.01731,1039.63379,-499.43524,-120.70352,931.45343
2247,18.717,-306.34235,-139.44237,1025.36548,-332.85461,62.54634,1067.43872,-446.29889,-103.25499,1029.64966,-457.8703,21.25455,1039.72644,-499.59412,-120.7478,931.1825
2248,18.725,-306.34235,-139.44237,1025.36548,-333.30927,62.55425,1067.71191,-446.29889,-103.25499,1029.64966,-457.75439,21.29807,1039.95032,-499.43524,-120.70352,931.45343
2249,18.733,-306.3725,-139.35175,1025.50256,-333.1503,63.1012,1068.04431,-446.06964,-103.35859,1029.54077,-457.50684,21.13786,1039.89539,-499.43524,-120.70352,931.45343
2250,18.742,-306.09784,-139.84644,1025.37183,-333.1503,63.1012,1068.04431,-445.62524,-103.27463,1029.599,-457.50903,20.94397,1040.02661,-499.43524,-120.70352,931.45343
2251,18.75,-306.09784,-139.84644,1025.37183,-333.30927,62.55425,1067.71191,-445.74963,-103.43096,1029.55688,-457.62723,20.70667,1039.93396,-499.52725,-120.68839,932.00476
2252,18.758,-306.10214,-139.86891,1025.30261,-332.69574,63.09338,1067.77136,-445.62524,-103.27463,1029.599,-457.62723,20.70667,1039.93396,-499.40176,-120.61984,932.05768
2253,18.767,-306.07202,-139.95947,1025.16553,-332.69574,63.09338,1067.77136,-445.62524,-103.27463,1029.599,-457.62723,20.70667,1039.93396,-499.40176,-120.61984,932.05768
2254,18.775,-305.66281,-140.04504,1025.13562,-333.1503,63.1012,1068.04431,-445.62524,-103.27463,1029.599,-457.25021,21.00957,1039.90247,-499.11133,-120.56506,931.91296
2255,18.783,-305.63303,-140.10886,1025.02124,-332.69574,63.09338,1067.77136,-445.62524,-103.27463,1029.599,-456.9263,21.57216,1039.95178,-499.29636,-120.53855,931.78564
2256,18.792,-305.90695,-140.07951,1025.12939,-332.69574,63.09338,1067.77136,-445.62524,-103.27463,1029.599,-457.18515,21.50653,1040.07605,-499.01929,-120.58016,931.36157
2257,18.8,-305.66281,-140.04504,1025.13562,-332.18628,63.36777,1067.97473,-445.62524,-103.27463,1029.599,-457.13208,21.24703,1039.99512,-499.00592,-120.48376,931.64093
2258,18.808,-306.10181,-139.89565,1025.27991,-332.34521,62.82076,1067.64221,-445.62524,-103.27463,1029.599,-457.36844,20.77226,1039.80969,-499.01929,-120.58016,931.36157
2259,18.817,-306.10181,-139.89565,1025.27991,-332.45364,62.91608,1067.29724,-445.62524,-103.27463,1029.599,-457.36844,20.77226,1039.80969,-499.18375,-120.75085,931.63007
2260,18.825,-306.09784,-139.84644,1025.37183,-332.85461,62.54634,1067.43872,-445.62524,-103.27463,1029.599,-457.25021,21.00957,1039.90247,-499.01929,-120.58016,931.36157
2261,18.833,-306.3725,-139.35175,1025.50256,-332.29474,63.4631,1067.62976,-445.62524,-103.27463,1029.599,-456.92407,21.76598,1039.82056,-499.01929,-120.58016,931.36157
2262,18.842,-306.3725,-139.35175,1025.50256,-331.76361,63.71849,1067.90234,-445.62524,-103.27463,1029.599,-456.9263,21.57216,1039.95178,-499.01929,-120.58016,931.36157
2263,18.85,-306.25055,-139.32449,1025.65942,-331.76361,63.71849,1067.90234,-445.62524,-103.27463,1029.599,-456.9263,21.57216,1039.95178,-499.01929,-120.58016,931.36157
2264,18.858,-306.16953,-139.21858,1025.77917,-332.45364,62.91608,1067.29724,-445.6702,-103.14583,1029.54333,-456.75842,21.95682,1039.84937,-499.01929,-120.58016,931.36157
2265,18.867,-306.16953,-139.21858,1025.77917,-332.18027,64.23173,1067.9364,-445.6702,-103.14583,1029.54333,-456.9642,21.63172,1039.89258,-499.00592,-120.48376,931.64093
2266,18.875,-306.16953,-139.21858,1025.77917,-331.76361,63.71849,1067.90234,-445.62524,-103.27463,1029.599,-456.9642,21.63172,1039.89258,-499.05597,-120.23338,932.08411
2267,18.883,-306.16953,-139.21858,1025.77917,-331.64911,64.48709,1068.20874,-445.29816,-103.21066,1029.59058,-457.32776,21.74827,1039.72351,-498.95056,-120.15205,931.81207
2268,18.892,-306.16953,-139.21858,1025.77917,-331.76361,63.71849,1067.90234,-445.57617,-102.87424,1029.70898,-457.12204,22.07333,1039.6803,-498.95056,-120.15205,931.81207
2269,18.9,-306.16953,-139.21858,1025.77917,-331.64911,64.48709,1068.20874,-445.57617,-102.87424,1029.70898,-457.12204,22.07333,1039.6803,-498.77283,-119.88474,931.82288
2270,18.908,-306.16953,-139.21858,1025.77917,-331.64911,64.48709,1068.20874,-445.53125,-103.00306,1029.76465,-457.12204,22.07333,1039.6803,-498.77283,-119.88474,931.82288
2271,18.917,-306.16953,-139.21858,1025.77917,-331.64911,64.48709,1068.20874,-445.3335,-102.98404,1029.62268,-456.75842,21.95682,1039.84937,-498.68634,-119.70423,931.76941
2272,18.925,-306.16953,-139.21858,1025.77917,-331.64911,64.48709,1068.20874,-445.58398,-102.88544,1029.84192,-456.75842,21.95682,1039.84937,-498.96951,-120.0528,932.03058
2273,18.933,-305.87759,-139.25502,1025.65637,-331.64911,64.48709,1068.20874,-445.25693,-102.99874,1029.75476,-456.47977,21.97482,1039.70239,-498.96951,-120.0528,932.03058
2274,18.942,-305.87759,-139.25502,1025.65637,-331.64911,64.48709,1068.20874,-445.25693,-102.99874,1029.75476,-456.47977,21.97482,1039.70239,-498.96951,-120.0528,932.03058
2275,18.95,-305.56204,-139.25755,1025.57666,-331.64911,64.48709,1068.20874,-445.25693,-102.99874,1029.75476,-456.47977,21.97482,1039.70239,-498.72092,-119.69843,931.97614
2276,18.958,-305.56204,-139.25755,1025.57666,-331.64911,64.48709,1068.20874,-445.28854,-103.11287,1029.67834,-456.47977,21.97482,1039.70239,-498.77283,-119.88474,931.82288
2277,18.967,-305.68396,-139.28482,1025.4198,-331.64911,64.48709,1068.20874,-445.28854,-103.11287,1029.67834,-456.47977,21.97482,1039.70239,-498.68634,-119.70423,931.76941
2278,18.975,-305.68396,-139.28482,1025.4198,-330.97934,64.35522,1068.11304,-445.26474,-103.00993,1029.88782,-456.75842,21.95682,1039.84937,-498.68634,-119.70423,931.76941
2279,18.983,-305.76498,-139.39073,1025.30005,-331.64911,64.48709,1068.20874,-445.29816,-103.21066,1029.59058,-456.47977,21.97482,1039.70239,-498.86407,-119.9715,931.75854
2280,18.992,-305.76498,-139.39073,1025.30005,-331.64911,64.48709,1068.20874,-445.34308,-103.08184,1029.53491,-456.20947,21.94828,1039.67261,-498.96951,-120.0528,932.03058
2281,19,-305.7706,-139.47911,1025.17493,-331.64911,64.48709,1068.20874,-445.29816,-103.21066,1029.59058,-456.47977,21.97482,1039.70239,-498.86407,-119.9715,931.75854
2282,19.008,-305.69168,-139.23349,1025.12195,-331.64911,64.48709,1068.20874,-445.1362,-103.24639,1029.48816,-456.47977,21.97482,1039.70239,-498.68634,-119.70423,931.76941
2283,19.017,-305.69168,-139.23349,1025.12195,-331.64911,64.48709,1068.20874,-445.29816,-103.21066,1029.59058,-456.47977,21.97482,1039.70239,-498.77283,-119.88474,931.82288
2284,19.025,-305.69168,-139.23349,1025.12195,-331.64911,64.48709,1068.20874,-445.18115,-103.11756,1029.4325,-456.47977,21.97482,1039.70239,-498.68634,-119.70423,931.76941
2285,19.033,-305.61066,-139.12758,1025.2417,-331.64911,64.48709,1068.20874,-445.29816,-103.21066,1029.59058,-456.47977,21.97482,1039.70239,-498.68634,-119.70423,931.76941
2286,19.042,-305.61066,-139.12758,1025.2417,-331.64911,64.48709,1068.20874,-445.29816,-103.21066,1029.59058,-456.75842,21.95682,1039.84937,-498.86407,-119.9715,931.75854
2287,19.05,-305.76498,-139.39073,1025.30005,-332.18027,64.23173,1067.9364,-445.34131,-102.99522,1029.75574,-456.47977,21.97482,1039.70239,-498.96951,-120.0528,932.03058
2288,19.058,-305.64307,-139.36348,1025.45691,-331.82248,64.014,1067.86755,-445.29636,-103.12405,1029.8114,-456.75842,21.95682,1039.84937,-498.86407,-119.9715,931.75854
2289,19.067,-305.64307,-139.36348,1025.45691,-331.64911,64.48709,1068.20874,-445.26474,-103.00993,1029.88782,-456.47977,21.97482,1039.70239,-498.77283,-119.88474,931.82288
2290,19.075,-305.68396,-139.28482,1025.4198,-331.64911,64.48709,1068.20874,-445.26474,-103.00993,1029.88782,-456.47977,21.97482,1039.70239,-498.68634,-119.70423,931.76941
2291,19.083,-305.69168,-139.23349,1025.12195,-331.64911,64.48709,1068.20874,-445.10281,-103.04563,1029.7854,-456.47977,21.97482,1039.70239,-498.8074,-119.87894,932.02966
2292,19.092,-305.76498,-139.39073,1025.30005,-331.82248,64.014,1067.86755,-445.26474,-103.00993,1029.88782,-456.47977,21.97482,1039.70239,-498.8074,-119.87894,932.02966
2293,19.1,-305.54111,-139.43816,1024.95776,-331.64911,64.48709,1068.20874,-445.10281,-103.04563,1029.7854,-456.47977,21.97482,1039.70239,-498.96951,-120.0528,932.03058
2294,19.108,-305.69168,-139.23349,1025.12195,-330.97934,64.35522,1068.11304,-445.10281,-103.04563,1029.7854,-456.47977,21.97482,1039.70239,-499.05597,-120.23338,932.08411
2295,19.117,-305.57458,-139.47633,1024.58154,-331.64911,64.48709,1068.20874,-445.10281,-103.04563,1029.7854,-456.47977,21.97482,1039.70239,-498.96951,-120.0528,932.03058
2296,19.125,-305.5448,-139.54013,1024.46716,-331.64911,64.48709,1068.20874,-445.095,-103.03445,1029.65234,-456.20947,21.94828,1039.67261,-498.68634,-119.70423,931.76941
2297,19.133,-305.5448,-139.54013,1024.46716,-331.64911,64.48709,1068.20874,-445.12662,-103.1486,1029.57593,-456.47977,21.97482,1039.70239,-498.68634,-119.70423,931.76941
2298,19.142,-305.5448,-139.54013,1024.46716,-331.64911,64.48709,1068.20874,-445.13443,-103.15977,1029.70898,-456.20947,21.94828,1039.67261,-498.68634,-119.70423,931.76941
2299,19.15,-304.92676,-140.01097,1024.36902,-330.97934,64.35522,1068.11304,-445.14404,-103.25757,1029.62109,-456.20947,21.94828,1039.67261,-498.68634,-119.70423,931.76941
2300,19.158,-305.22272,-139.50984,1024.43286,-331.64911,64.48709,1068.20874,-445.1362,-103.24639,1029.48816,-456.47977,21.97482,1039.70239,-498.96951,-120.0528,932.03058
2301,19.167,-305.5448,-139.54013,1024.46716,-331.82248,64.014,1067.86755,-445.1362,-103.24639,1029.48816,-456.20947,21.94828,1039.67261,-498.86407,-119.9715,931.75854
2302,19.175,-305.5448,-139.54013,1024.46716,-332.35352,63.75859,1067.59509,-445.1362,-103.24639,1029.48816,-456.20947,21.94828,1039.67261,-498.86407,-119.9715,931.75854
2303,19.183,-305.22272,-139.50984,1024.43286,-332.35352,63.75859,1067.59509,-445.1362,-103.24639,1029.48816,-456.20947,21.94828,1039.67261,-498.95056,-120.15205,931.81207
2304,19.192,-305.5448,-139.54013,1024.46716,-332.35352,63.75859,1067.59509,-445.26553,-103.29137,1029.35461,-456.20947,21.94828,1039.67261,-498.7384,-119.89027,931.61615
2305,19.2,-305.5448,-139.54013,1024.46716,-332.35352,63.75859,1067.59509,-445.1362,-103.24639,1029.48816,-456.47977,21.97482,1039.70239,-498.79373,-120.22199,931.44501
2306,19.208,-305.5448,-139.54013,1024.46716,-332.35352,63.75859,1067.59509,-445.22058,-103.42019,1029.41028,-456.47977,21.97482,1039.70239,-498.7384,-119.89027,931.61615
2307,19.217,-305.5448,-139.54013,1024.46716,-332.3165,63.87871,1067.26648,-445.18115,-103.11756,1029.4325,-456.75842,21.95682,1039.84937,-498.96396,-120.24845,931.53278
2308,19.225,-305.5448,-139.54013,1024.46716,-332.3165,63.87871,1067.26648,-445.34308,-103.08184,1029.53491,-456.47977,21.97482,1039.70239,-498.95056,-120.15205,931.81207
2309,19.233,-305.7099,-139.42007,1024.5033,-332.63754,64.14405,1066.83826,-445.42746,-103.25564,1029.45703,-456.75842,21.95682,1039.84937,-498.96396,-120.24845,931.53278
2310,19.242,-305.7099,-139.42007,1024.5033,-332.63754,64.14405,1066.83826,-445.34308,-103.08184,1029.53491,-456.75842,21.95682,1039.84937,-498.96396,-120.24845,931.53278
2311,19.25,-305.7099,-139.42007,1024.5033,-332.63754,64.14405,1066.83826,-445.58578,-102.97203,1029.62122,-456.75842,21.95682,1039.84937,-498.95056,-120.15205,931.81207
2312,19.258,-305.7099,-139.42007,1024.5033,-332.43451,64.46953,1067.19702,-445.58578,-102.97203,1029.62122,-456.81668,22.23196,1039.74365,-498.7384,-119.89027,931.61615
2313,19.267,-305.7099,-139.42007,1024.5033,-332.63754,64.14405,1066.83826,-445.58578,-102.97203,1029.62122,-456.75842,21.95682,1039.84937,-498.7384,-119.89027,931.61615
2314,19.275,-305.7099,-139.42007,1024.5033,-332.93204,64.3001,1066.63245,-445.34308,-103.08184,1029.53491,-456.81668,22.23196,1039.74365,-498.95056,-120.15205,931.81207
2315,19.283,-305.7099,-139.42007,1024.5033,-332.63754,64.14405,1066.83826,-445.34308,-103.08184,1029.53491,-456.75842,21.95682,1039.84937,-498.95056,-120.15205,931.81207
2316,19.292,-305.7099,-139.42007,1024.5033,-332.93204,64.3001,1066.63245,-445.66055,-103.04807,1029.6311,-457.08237,21.39429,1039.79993,-498.95056,-120.15205,931.81207
2317,19.3,-305.7099,-139.42007,1024.5033,-332.93204,64.3001,1066.63245,-445.34308,-103.08184,1029.53491,-456.7439,21.92487,1039.64001,-499.05597,-120.23338,932.08411
2318,19.308,-305.72955,-139.47742,1024.38025,-332.93204,64.3001,1066.63245,-445.58578,-102.97203,1029.62122,-456.81668,22.23196,1039.74365,-499.06238,-119.78155,931.80908
2319,19.317,-305.72955,-139.47742,1024.38025,-332.93204,64.3001,1066.63245,-445.6702,-103.14583,1029.54333,-457.18033,22.34852,1039.57458,-498.96396,-120.24845,931.53278
2320,19.325,-305.60529,-139.54753,1024.24988,-332.93204,64.3001,1066.63245,-445.34308,-103.08184,1029.53491,-456.92288,22.40028,1039.34863,-498.95056,-120.15205,931.81207
2321,19.333,-305.60529,-139.54753,1024.24988,-332.93204,64.3001,1066.63245,-445.26553,-103.29137,1029.35461,-457.18033,22.34852,1039.57458,-499.15961,-120.47063,931.15308
2322,19.342,-305.60529,-139.54753,1024.24988,-332.93204,64.3001,1066.63245,-445.26553,-103.29137,1029.35461,-457.18033,22.34852,1039.57458,-499.15961,-120.47063,931.15308
2323,19.35,-305.60529,-139.54753,1024.24988,-332.93204,64.3001,1066.63245,-445.26553,-103.29137,1029.35461,-457.42969,21.68002,1039.41382,-499.15961,-120.47063,931.15308
2324,19.358,-305.60529,-139.54753,1024.24988,-332.93204,64.3001,1066.63245,-445.26553,-103.29137,1029.35461,-457.66467,21.32588,1039.50244,-499.2851,-120.53919,931.10022
2325,19.367,-305.60529,-139.54753,1024.24988,-332.93204,64.3001,1066.63245,-445.26553,-103.29137,1029.35461,-457.48798,21.95516,1039.30823,-499.2851,-120.53919,931.10022
2326,19.375,-305.40759,-139.60466,1024.12061,-332.93204,64.3001,1066.63245,-445.26553,-103.29137,1029.35461,-457.23059,22.00685,1039.08228,-499.2851,-120.53919,931.10022
2327,19.383,-305.79221,-139.41608,1024.28284,-332.93204,64.3001,1066.63245,-445.58615,-103.14755,1029.34729,-457.48798,21.95516,1039.30823,-499.30365,-120.69301,931.03772
2328,19.392,-305.72955,-139.47742,1024.38025,-332.93204,64.3001,1066.63245,-445.58615,-103.14755,1029.34729,-457.63202,22.06831,1039.06848,-499.30365,-120.69301,931.03772
2329,19.4,-305.9165,-139.34595,1024.41309,-332.93204,64.3001,1066.63245,-445.58615,-103.14755,1029.34729,-457.86697,21.71419,1039.1571,-499.30365,-120.69301,931.03772
2330,19.408,-305.9165,-139.34595,1024.41309,-333.13535,63.97463,1066.27368,-445.6702,-103.14583,1029.54333,-458.18564,21.13617,1039.29443,-499.59412,-120.7478,931.1825
2331,19.417,-305.79221,-139.41608,1024.28284,-332.93204,64.3001,1066.63245,-445.53503,-103.15736,1029.4353,-458.18564,21.13617,1039.29443,-499.59412,-120.7478,931.1825
2332,19.425,-305.9165,-139.34595,1024.41309,-333.13535,63.97463,1066.27368,-445.72131,-103.13602,1029.45532,-458.24393,21.41137,1039.18884,-499.30365,-120.69301,931.03772
2333,19.433,-305.9165,-139.34595,1024.41309,-333.13535,63.97463,1066.27368,-445.72131,-103.13602,1029.45532,-457.83264,21.72752,1039.29846,-499.57556,-120.59399,931.24493
2334,19.442,-305.9165,-139.34595,1024.41309,-333.13535,63.97463,1066.27368,-446.04132,-103.06367,1029.43921,-458.24393,21.41137,1039.18884,-499.57556,-120.59399,931.24493
2335,19.45,-305.9165,-139.34595,1024.41309,-333.13535,63.97463,1066.27368,-446.04132,-103.06367,1029.43921,-458.24393,21.41137,1039.18884,-499.57556,-120.59399,931.24493
2336,19.458,-305.9165,-139.34595,1024.41309,-333.13535,63.97463,1066.27368,-446.04132,-103.06367,1029.43921,-458.34207,21.44966,1039.12512,-499.59412,-120.7478,931.1825
2337,19.467,-305.9165,-139.34595,1024.41309,-333.13535,63.97463,1066.27368,-446.04132,-103.06367,1029.43921,-458.34207,21.44966,1039.12512,-499.59412,-120.7478,931.1825
2338,19.475,-305.9165,-139.34595,1024.41309,-333.13535,63.97463,1066.27368,-446.12988,-103.23576,1029.30676,-458.35269,21.33427,1039.02661,-499.59412,-120.7478,931.1825
2339,19.483,-305.91382,-139.50537,1024.11707,-333.13535,63.97463,1066.27368,-446.12988,-103.23576,1029.30676,-458.35269,21.33427,1039.02661,-499.83792,-120.60331,930.90869
2340,19.492,-306.16422,-139.11829,1023.94946,-333.13535,63.97463,1066.27368,-446.09082,-103.40054,1029.16467,-458.2944,21.05909,1039.1322,-499.83792,-120.60331,930.90869
2341,19.5,-306.16422,-139.11829,1023.94946,-333.13535,63.97463,1066.27368,-446.24243,-103.5555,1029.13928,-458.35269,21.33427,1039.02661,-499.83792,-120.60331,930.90869
2342,19.508,-306.16422,-139.11829,1023.94946,-333.13535,63.97463,1066.27368,-446.24243,-103.5555,1029.13928,-458.35269,21.33427,1039.02661,-499.94977,-120.23286,930.9057
2343,19.517,-306.16422,-139.11829,1023.94946,-333.13535,63.97463,1066.27368,-446.24243,-103.5555,1029.13928,-458.35269,21.33427,1039.02661,-500.32565,-120.4415,931.05383
2344,19.525,-306.32034,-139.07411,1023.76788,-333.13535,63.97463,1066.27368,-446.4776,-103.45242,1028.99707,-458.55862,21.00983,1039.06995,-500.22104,-120.7139,930.79913
2345,19.533,-306.32034,-139.07411,1023.76788,-333.13535,63.97463,1066.27368,-446.24243,-103.5555,1029.13928,-458.55862,21.00983,1039.06995,-500.0108,-120.79686,930.89557
2346,19.542,-306.32034,-139.07411,1023.76788,-333.13535,63.97463,1066.27368,-446.24243,-103.5555,1029.13928,-458.55862,21.00983,1039.06995,-500.09418,-120.77544,930.82983
2347,19.55,-306.32034,-139.07411,1023.76788,-333.13535,63.97463,1066.27368,-446.24243,-103.5555,1029.13928,-458.35269,21.33427,1039.02661,-500.09418,-120.77544,930.82983
2348,19.558,-306.32034,-139.07411,1023.76788,-333.13535,63.97463,1066.27368,-446.66913,-103.4593,1029.1178,-458.40594,21.34014,1038.92688,-500.40903,-120.42007,930.98804
2349,19.567,-306.44464,-139.00397,1023.89819,-333.13535,63.97463,1066.27368,-446.86075,-103.46634,1029.23853,-458.61188,21.0157,1038.97034,-500.40903,-120.42007,930.98804
2350,19.575,-306.74246,-138.99663,1023.98047,-333.13535,63.97463,1066.27368,-446.86075,-103.46634,1029.23853,-458.61188,21.0157,1038.97034,-500.47302,-120.25335,930.90271
2351,19.583,-306.74246,-138.99663,1023.98047,-333.13535,63.97463,1066.27368,-446.68097,-103.29585,1029.24316,-458.61188,21.0157,1038.97034,-500.61255,-120.49578,930.95648
2352,19.592,-306.86041,-139.01137,1024.27026,-333.13535,63.97463,1066.27368,-446.86075,-103.46634,1029.23853,-458.61188,21.0157,1038.97034,-500.61255,-120.49578,930.95648
2353,19.6,-307.01654,-138.96719,1024.08875,-333.13535,63.97463,1066.27368,-446.87259,-103.30287,1029.36389,-458.61188,21.0157,1038.97034,-500.61255,-120.49578,930.95648
2354,19.608,-307.25989,-139.03044,1024.05688,-333.42984,64.13094,1066.06787,-446.87259,-103.30287,1029.36389,-458.86237,20.77309,1038.96082,-500.61255,-120.49578,930.95648
2355,19.617,-307.10376,-139.07463,1024.2384,-333.13535,63.97463,1066.27368,-446.87259,-103.30287,1029.36389,-458.86237,20.77309,1038.96082,-500.61255,-120.49578,930.95648
2356,19.625,-307.10376,-139.07463,1024.2384,-333.13535,63.97463,1066.27368,-446.68097,-103.29585,1029.24316,-458.86237,20.77309,1038.96082,-500.61255,-120.49578,930.95648
2357,19.633,-307.54031,-139.07559,1024.06006,-333.13535,63.97463,1066.27368,-446.87259,-103.30287,1029.36389,-458.86237,20.77309,1038.96082,-500.61255,-120.49578,930.95648
2358,19.642,-307.64465,-139.07138,1024.17334,-333.87592,63.4221,1066.27966,-446.87259,-103.30287,1029.36389,-458.86237,20.77309,1038.96082,-500.61255,-120.49578,930.95648
2359,19.65,-307.61374,-139.15868,1023.95886,-334.17044,63.57842,1066.07385,-446.94055,-103.31471,1029.28796,-458.86237,20.77309,1038.96082,-500.61255,-120.49578,930.95648
2360,19.658,-307.80075,-139.02719,1023.99182,-333.87592,63.4221,1066.27966,-446.94559,-103.56532,1029.07629,-458.98941,20.53404,1038.99194,-500.61255,-120.49578,930.95648
2361,19.667,-307.80075,-139.02719,1023.99182,-334.17044,63.57842,1066.07385,-446.94559,-103.56532,1029.07629,-458.98941,20.53404,1038.99194,-500.61255,-120.49578,930.95648
2362,19.675,-307.80075,-139.02719,1023.99182,-334.17044,63.57842,1066.07385,-446.94559,-103.56532,1029.07629,-459.00793,20.3107,1038.84216,-500.61255,-120.49578,930.95648
2363,19.683,-307.80075,-139.02719,1023.99182,-333.87592,63.4221,1066.27966,-446.94559,-103.56532,1029.07629,-459.15439,20.33005,1038.95386,-500.61255,-120.49578,930.95648
2364,19.692,-307.80075,-139.02719,1023.99182,-334.46268,63.69583,1065.66321,-447.18082,-103.4624,1028.93408,-459.15439,20.33005,1038.95386,-500.61981,-120.39772,930.69885
2365,19.7,-307.92795,-138.95514,1023.85114,-334.46268,63.69583,1065.66321,-446.94559,-103.56532,1029.07629,-459.15439,20.33005,1038.95386,-500.71536,-120.57927,930.55377
2366,19.708,-307.92795,-138.95514,1023.85114,-334.46268,63.69583,1065.66321,-446.94559,-103.56532,1029.07629,-459.15439,20.33005,1038.95386,-500.61981,-120.39772,930.69885
2367,19.717,-308.11267,-138.8924,1023.76422,-334.46268,63.69583,1065.66321,-446.94559,-103.56532,1029.07629,-459.15439,20.33005,1038.95386,-500.71536,-120.57927,930.55377
2368,19.725,-307.92795,-138.95514,1023.85114,-334.46268,63.69583,1065.66321,-447.36844,-103.41866,1028.89478,-459.14792,20.4369,1038.83667,-500.71536,-120.57927,930.55377
2369,19.733,-307.92795,-138.95514,1023.85114,-334.46268,63.69583,1065.66321,-447.36844,-103.41866,1028.89478,-459.32483,20.37312,1039.06519,-500.74805,-120.70998,930.47015
2370,19.742,-308.11267,-138.8924,1023.76422,-334.37579,64.07349,1064.90198,-447.36844,-103.41866,1028.89478,-459.14792,20.4369,1038.83667,-500.71536,-120.57927,930.55377
2371,19.75,-308.11267,-138.8924,1023.76422,-334.37579,64.07349,1064.90198,-447.36844,-103.41866,1028.89478,-459.14792,20.4369,1038.83667,-500.74805,-120.70998,930.47015
2372,19.758,-308.11267,-138.8924,1023.76422,-334.31,64.21621,1064.65002,-447.47812,-103.48594,1028.84167,-459.69644,20.44528,1039.01318,-500.65253,-120.52841,930.61517
2373,19.767,-308.11267,-138.8924,1023.76422,-334.41278,63.95277,1065.23035,-447.47812,-103.48594,1028.84167,-459.29187,20.54984,1038.59705,-500.74805,-120.70998,930.47015
2374,19.775,-308.26486,-138.97247,1023.68652,-334.46268,63.69583,1065.66321,-447.79416,-103.69073,1028.73132,-459.66898,20.59259,1038.62305,-501.01599,-120.59065,930.31085
2375,19.783,-308.26486,-138.97247,1023.68652,-334.41278,63.95277,1065.23035,-447.67889,-103.23494,1028.84668,-459.49167,20.48976,1038.82471,-500.79361,-120.42101,930.60199
2376,19.792,-308.26486,-138.97247,1023.68652,-334.46268,63.69583,1065.66321,-447.59213,-103.37185,1028.82166,-459.14792,20.4369,1038.83667,-500.69806,-120.23946,930.74701
2377,19.8,-308.26486,-138.97247,1023.68652,-334.46268,63.69583,1065.66321,-447.67889,-103.23494,1028.84668,-459.32483,20.37312,1039.06519,-500.82629,-120.55172,930.51837
2378,19.808,-308.70581,-139.13379,1023.73596,-334.46268,63.69583,1065.66321,-447.59213,-103.37185,1028.82166,-459.69644,20.44528,1039.01318,-501.57144,-120.30017,930.28424
2379,19.817,-308.70581,-139.13379,1023.73596,-334.46268,63.69583,1065.66321,-447.77362,-103.17934,1028.79895,-459.95016,20.55985,1038.80884,-501.94226,-120.2153,930.27765
2380,19.825,-308.70581,-139.13379,1023.73596,-334.46268,63.69583,1065.66321,-447.68787,-103.32638,1028.76477,-459.49167,20.48976,1038.82471,-501.57144,-120.30017,930.28424
2381,19.833,-308.70581,-139.13379,1023.73596,-334.46268,63.69583,1065.66321,-447.77362,-103.17934,1028.79895,-459.14792,20.4369,1038.83667,-501.57144,-120.30017,930.28424
2382,19.842,-308.70581,-139.13379,1023.73596,-334.46268,63.69583,1065.66321,-447.77362,-103.17934,1028.79895,-459.69644,20.44528,1039.01318,-501.94226,-120.2153,930.27765
2383,19.85,-308.92773,-139.02914,1023.68372,-334.46268,63.69583,1065.66321,-447.77362,-103.17934,1028.79895,-459.95016,20.55985,1038.80884,-501.94226,-120.2153,930.27765
2384,19.858,-308.82922,-138.89034,1023.685,-334.46268,63.69583,1065.66321,-447.77362,-103.17934,1028.79895,-459.80624,20.35756,1038.9585,-501.94226,-120.2153,930.27765
2385,19.867,-308.82922,-138.89034,1023.685,-334.41278,63.95277,1065.23035,-447.77362,-103.17934,1028.79895,-459.80624,20.35756,1038.9585,-501.94226,-120.2153,930.27765
2386,19.875,-308.60727,-138.995,1023.73718,-334.41278,63.95277,1065.23035,-447.81812,-103.00048,1028.69751,-459.80624,20.35756,1038.9585,-501.94226,-120.2153,930.27765
2387,19.883,-308.82922,-138.89034,1023.685,-334.37579,64.07349,1064.90198,-447.77362,-103.17934,1028.79895,-459.95016,20.55985,1038.80884,-501.94226,-120.2153,930.27765
2388,19.892,-308.82922,-138.89034,1023.685,-334.71448,64.07043,1064.41492,-447.77362,-103.17934,1028.79895,-460.05997,20.47214,1038.75415,-501.94226,-120.2153,930.27765
2389,19.9,-308.60727,-138.995,1023.73718,-334.61179,64.33356,1063.83435,-447.77362,-103.17934,1028.79895,-459.95016,20.55985,1038.80884,-501.94226,-120.2153,930.27765
2390,19.908,-308.60727,-138.995,1023.73718,-334.61179,64.33356,1063.83435,-447.77362,-103.17934,1028.79895,-460.05997,20.47214,1038.75415,-501.94226,-120.2153,930.27765
2391,19.917,-308.60727,-138.995,1023.73718,-334.61179,64.33356,1063.83435,-447.77362,-103.17934,1028.79895,-459.95016,20.55985,1038.80884,-501.90967,-120.08464,930.36127
2392,19.925,-308.60727,-138.995,1023.73718,-334.61179,64.33356,1063.83435,-447.77362,-103.17934,1028.79895,-460.05997,20.47214,1038.75415,-501.84692,-120.03381,930.42261
2393,19.933,-308.60727,-138.995,1023.73718,-334.61179,64.33356,1063.83435,-448.09378,-103.10753,1028.78271,-460.20398,20.67411,1038.60461,-501.84692,-120.03381,930.42261
2394,19.942,-308.60727,-138.995,1023.73718,-334.61179,64.33356,1063.83435,-448.09378,-103.10753,1028.78271,-460.31375,20.58641,1038.5498,-502.08344,-120.38972,930.4082
2395,19.95,-308.60727,-138.995,1023.73718,-334.61179,64.33356,1063.83435,-447.77362,-103.17934,1028.79895,-460.05997,20.47214,1038.75415,-502.05084,-120.25906,930.49182
2396,19.958,-308.60727,-138.995,1023.73718,-334.61179,64.33356,1063.83435,-447.77362,-103.17934,1028.79895,-460.05997,20.47214,1038.75415,-501.97842,-120.07381,930.77454
2397,19.967,-308.60727,-138.995,1023.73718,-334.61179,64.33356,1063.83435,-447.67889,-103.23494,1028.84668,-459.95016,20.55985,1038.80884,-501.70786,-119.95036,930.57446
2398,19.975,-308.70581,-139.13379,1023.73596,-334.27307,64.33676,1064.32166,-448.09378,-103.10753,1028.78271,-459.95016,20.55985,1038.80884,-501.8143,-119.90316,930.50623
2399,19.983,-308.60727,-138.995,1023.73718,-334.27307,64.33676,1064.32166,-447.77362,-103.17934,1028.79895,-459.69644,20.44528,1039.01318,-501.8143,-119.90316,930.50623
2400,19.992,-308.60727,-138.995,1023.73718,-334.27307,64.33676,1064.32166,-447.77362,-103.17934,1028.79895,-459.95016,20.55985,1038.80884,-501.94226,-120.2153,930.27765
2401,20,-308.70581,-139.13379,1023.73596,-334.37579,64.07349,1064.90198,-447.67889,-103.23494,1028.84668,-459.69644,20.44528,1039.01318,-501.9046,-120.25165,930.75916
2402,20.008,-308.70581,-139.13379,1023.73596,-334.37579,64.07349,1064.90198,-447.67889,-103.23494,1028.84668,-459.95016,20.55985,1038.80884,-501.97702,-120.43692,930.47644
2403,20.017,-308.26486,-138.97247,1023.68652,-334.31,64.21621,1064.65002,-447.77362,-103.17934,1028.79895,-460.05997,20.47214,1038.75415,-501.83585,-120.2625,930.34589
2404,20.025,-308.26486,-138.97247,1023.68652,-334.61179,64.33356,1063.83435,-447.67889,-103.23494,1028.84668,-460.05997,20.47214,1038.75415,-501.83585,-120.2625,930.34589
2405,20.033,-308.26486,-138.97247,1023.68652,-334.27307,64.33676,1064.32166,-447.67889,-103.23494,1028.84668,-459.95016,20.55985,1038.80884,-501.83585,-120.2625,930.34589
2406,20.042,-308.36337,-139.11128,1023.6853,-334.27307,64.33676,1064.32166,-447.77362,-103.17934,1028.79895,-459.69644,20.44528,1039.01318,-501.74048,-120.081,930.49084
2407,20.05,-308.26486,-138.97247,1023.68652,-334.64874,64.21314,1064.16284,-447.67889,-103.23494,1028.84668,-459.95016,20.55985,1038.80884,-501.74048,-120.081,930.49084
2408,20.058,-308.26486,-138.97247,1023.68652,-334.27307,64.33676,1064.32166,-447.47812,-103.48594,1028.84167,-459.69644,20.44528,1039.01318,-501.75754,-120.42085,930.29767
2409,20.067,-308.26486,-138.97247,1023.68652,-334.31,64.21621,1064.65002,-447.52579,-103.61639,1028.8927,-459.70288,20.33844,1039.13049,-501.97702,-120.43692,930.47644
2410,20.075,-308.26486,-138.97247,1023.68652,-334.31,64.21621,1064.65002,-447.47812,-103.48594,1028.84167,-459.69644,20.44528,1039.01318,-501.39676,-120.56107,930.45862
2411,20.083,-308.36337,-139.11128,1023.6853,-334.46268,63.69583,1065.66321,-447.36844,-103.41866,1028.89478,-459.70288,20.33844,1039.13049,-501.465,-120.34733,930.35248
2412,20.092,-308.26486,-138.97247,1023.68652,-334.31,64.21621,1064.65002,-447.36844,-103.41866,1028.89478,-459.70288,20.33844,1039.13049,-501.36957,-120.1658,930.49744
2413,20.1,-308.26486,-138.97247,1023.68652,-334.46268,63.69583,1065.66321,-447.30209,-103.66319,1028.96582,-459.70288,20.33844,1039.13049,-501.25864,-120.19346,930.5329
2414,20.108,-308.19821,-139.23132,1023.64917,-334.46268,63.69583,1065.66321,-447.30209,-103.66319,1028.96582,-459.71191,20.52774,1039.27393,-501.39676,-120.56107,930.45862
2415,20.117,-307.99164,-139.3055,1023.73926,-334.46268,63.69583,1065.66321,-447.30209,-103.66319,1028.96582,-459.70288,20.33844,1039.13049,-501.25864,-120.19346,930.5329
2416,20.125,-308.12009,-139.35437,1023.88098,-334.46268,63.69583,1065.66321,-447.30209,-103.66319,1028.96582,-459.70288,20.33844,1039.13049,-501.57272,-120.23951,930.58081
2417,20.133,-307.89313,-139.1667,1023.74054,-334.46268,63.69583,1065.66321,-447.06689,-103.76611,1029.10803,-459.3313,20.26628,1039.18237,-500.71536,-120.57927,930.55377
2418,20.142,-307.89313,-139.1667,1023.74054,-334.46268,63.69583,1065.66321,-447.06689,-103.76611,1029.10803,-459.3313,20.26628,1039.18237,-500.61981,-120.39772,930.69885
2419,20.15,-307.89313,-139.1667,1023.74054,-334.46268,63.69583,1065.66321,-447.06689,-103.76611,1029.10803,-459.15439,20.33005,1038.95386,-500.61255,-120.49578,930.95648
2420,20.158,-307.99164,-139.3055,1023.73926,-334.17044,63.57842,1066.07385,-447.06689,-103.76611,1029.10803,-459.15439,20.33005,1038.95386,-500.61255,-120.49578,930.95648
2421,20.167,-308.12009,-139.35437,1023.88098,-334.46268,63.69583,1065.66321,-447.06689,-103.76611,1029.10803,-459.15439,20.33005,1038.95386,-500.61255,-120.49578,930.95648
2422,20.175,-307.99164,-139.3055,1023.73926,-334.17044,63.57842,1066.07385,-447.06689,-103.76611,1029.10803,-459.3313,20.26628,1039.18237,-500.74078,-120.80805,930.72778
2423,20.183,-307.86444,-139.37753,1023.87994,-334.17044,63.57842,1066.07385,-447.06689,-103.76611,1029.10803,-459.15439,20.33005,1038.95386,-500.7081,-120.67734,930.81146
2424,20.192,-307.33075,-139.36699,1023.84857,-333.87592,63.4221,1066.27966,-447.06689,-103.76611,1029.10803,-459.15439,20.33005,1038.95386,-500.7081,-120.67734,930.81146
2425,20.2,-307.66663,-139.43465,1023.75055,-333.87592,63.4221,1066.27966,-447.06689,-103.76611,1029.10803,-459.15439,20.33005,1038.95386,-500.5007,-120.86617,930.95947
2426,20.208,-307.40454,-139.28085,1023.71777,-333.87592,63.4221,1066.27966,-447.06689,-103.76611,1029.10803,-459.15439,20.33005,1038.95386,-500.62894,-121.17844,930.73077
2427,20.217,-307.53293,-139.35577,1023.83093,-333.87592,63.4221,1066.27966,-447.06689,-103.76611,1029.10803,-459.15439,20.33005,1038.95386,-500.59625,-121.04774,930.81439
2428,20.225,-307.43442,-139.21698,1023.83215,-333.87592,63.4221,1066.27966,-447.06689,-103.76611,1029.10803,-459.15439,20.33005,1038.95386,-500.6441,-120.84407,930.89673
2429,20.233,-307.71225,-139.29747,1023.95764,-333.87592,63.4221,1066.27966,-447.06689,-103.76611,1029.10803,-459.15439,20.33005,1038.95386,-500.6799,-120.94503,930.81293
2430,20.242,-307.45761,-139.20287,1024.14038,-333.87592,63.4221,1066.27966,-447.06689,-103.76611,1029.10803,-459.15439,20.33005,1038.95386,-500.6799,-120.94503,930.81293
2431,20.25,-307.45761,-139.20287,1024.14038,-333.87592,63.4221,1066.27966,-447.06689,-103.76611,1029.10803,-459.15439,20.33005,1038.95386,-500.43665,-121.03291,931.0448
2432,20.258,-307.20694,-139.59007,1024.30798,-333.87592,63.4221,1066.27966,-447.06689,-103.76611,1029.10803,-459.15439,20.33005,1038.95386,-500.53223,-121.21447,930.89972
2433,20.267,-307.20694,-139.59007,1024.30798,-333.87592,63.4221,1066.27966,-446.98203,-103.66713,1029.27014,-459.09607,20.05495,1039.05945,-500.43665,-121.03291,931.0448
2434,20.275,-307.20694,-139.59007,1024.30798,-333.87592,63.4221,1066.27966,-446.98203,-103.66713,1029.27014,-459.16339,20.51931,1039.09729,-500.43665,-121.03291,931.0448
2435,20.283,-307.20694,-139.59007,1024.30798,-333.87592,63.4221,1066.27966,-446.99164,-103.76495,1029.18237,-459.16339,20.51931,1039.09729,-500.43665,-121.03291,931.0448
2436,20.292,-307.20694,-139.59007,1024.30798,-333.87592,63.4221,1066.27966,-446.98203,-103.66713,1029.27014,-459.16339,20.51931,1039.09729,-500.43665,-121.03291,931.0448
2437,20.3,-307.13348,-139.50699,1024.40918,-333.87592,63.4221,1066.27966,-446.80161,-103.77222,1029.4469,-459.16339,20.51931,1039.09729,-500.43665,-121.03291,931.0448
2438,20.308,-307.13348,-139.50699,1024.40918,-333.87592,63.4221,1066.27966,-446.98203,-103.66713,1029.27014,-459.16339,20.51931,1039.09729,-500.60095,-121.20358,931.31317
2439,20.317,-307.13348,-139.50699,1024.40918,-333.87592,63.4221,1066.27966,-446.98203,-103.66713,1029.27014,-459.16339,20.51931,1039.09729,-500.43665,-121.03291,931.0448
2440,20.325,-307.13348,-139.50699,1024.40918,-333.87592,63.4221,1066.27966,-446.69214,-103.40795,1029.54053,-459.16339,20.51931,1039.09729,-500.43665,-121.03291,931.0448
2441,20.333,-306.85315,-139.46182,1024.40601,-333.87592,63.4221,1066.27966,-446.6803,-103.57143,1029.41516,-459.16339,20.51931,1039.09729,-500.43665,-121.03291,931.0448
2442,20.342,-306.60986,-139.39854,1024.43787,-333.87592,63.4221,1066.27966,-446.6803,-103.57143,1029.41516,-459.15439,20.33005,1038.95386,-500.43665,-121.03291,931.0448
2443,20.35,-306.85315,-139.46182,1024.40601,-333.87592,63.4221,1066.27966,-446.87259,-103.30287,1029.36389,-459.00793,20.3107,1038.84216,-500.43665,-121.03291,931.0448
2444,20.358,-306.85315,-139.46182,1024.40601,-333.87592,63.4221,1066.27966,-446.86075,-103.46634,1029.23853,-459.15439,20.33005,1038.95386,-500.43665,-121.03291,931.0448
2445,20.367,-306.85315,-139.46182,1024.40601,-333.87592,63.4221,1066.27966,-446.86075,-103.46634,1029.23853,-459.15439,20.33005,1038.95386,-500.43665,-121.03291,931.0448
2446,20.375,-306.60986,-139.39854,1024.43787,-333.87592,63.4221,1066.27966,-446.54803,-103.78152,1029.33545,-459.15439,20.33005,1038.95386,-500.43665,-121.03291,931.0448
2447,20.383,-306.58072,-139.48631,1024.30505,-333.87592,63.4221,1066.27966,-446.24243,-103.5555,1029.13928,-459.09607,20.05495,1039.05945,-500.23373,-121.01791,930.88361
2448,20.392,-306.85315,-139.46182,1024.40601,-333.87592,63.4221,1066.27966,-446.55768,-103.87934,1029.24768,-458.94962,20.03559,1038.94788,-500.32483,-121.40334,931.04773
2449,20.4,-306.60986,-139.39854,1024.43787,-333.87592,63.4221,1066.27966,-446.98203,-103.66713,1029.27014,-459.15439,20.33005,1038.95386,-500.32483,-121.40334,931.04773
2450,20.408,-306.60986,-139.39854,1024.43787,-333.87592,63.4221,1066.27966,-446.98203,-103.66713,1029.27014,-459.09607,20.05495,1039.05945,-500.43665,-121.03291,931.0448
2451,20.417,-306.60986,-139.39854,1024.43787,-333.87592,63.4221,1066.27966,-446.66913,-103.4593,1029.1178,-459.09607,20.05495,1039.05945,-500.43665,-121.03291,931.0448
2452,20.425,-306.60986,-139.39854,1024.43787,-333.87592,63.4221,1066.27966,-446.66913,-103.4593,1029.1178,-459.09607,20.05495,1039.05945,-500.60095,-121.20358,931.31317
2453,20.433,-306.60986,-139.39854,1024.43787,-333.87592,63.4221,1066.27966,-446.98203,-103.66713,1029.27014,-459.10507,20.24418,1039.203,-500.48917,-121.57402,931.31622
2454,20.442,-306.60986,-139.39854,1024.43787,-334.30176,63.39892,1066.61194,-446.98203,-103.66713,1029.27014,-459.10507,20.24418,1039.203,-500.32483,-121.40334,931.04773
2455,20.45,-306.48825,-139.30927,1024.60364,-333.87592,63.4221,1066.27966,-446.87259,-103.30287,1029.36389,-458.98941,20.53404,1038.99194,-500.29102,-121.0954,931.21625
2456,20.458,-306.48825,-139.30927,1024.60364,-334.30176,63.39892,1066.61194,-446.69214,-103.40795,1029.54053,-458.93112,20.25889,1039.09766,-500.29102,-121.0954,931.21625
2457,20.467,-306.48825,-139.30927,1024.60364,-334.30176,63.39892,1066.61194,-446.43851,-103.41727,1029.4292,-458.87784,20.25303,1039.19727,-500.3533,-121.05433,931.11053
2458,20.475,-306.48825,-139.30927,1024.60364,-333.56122,63.95157,1066.60596,-446.69214,-103.40795,1029.54053,-458.87784,20.25303,1039.19727,-500.51761,-121.22501,931.37897
2459,20.483,-306.51804,-139.24542,1024.71802,-333.13535,63.97463,1066.27368,-446.87259,-103.30287,1029.36389,-458.92554,20.64353,1039.19019,-500.45532,-121.26609,931.48468
2460,20.492,-306.48825,-139.30927,1024.60364,-333.13535,63.97463,1066.27368,-446.87259,-103.30287,1029.36389,-458.87784,20.25303,1039.19727,-500.45532,-121.26609,931.48468
2461,20.5,-306.51804,-139.24542,1024.71802,-333.13535,63.97463,1066.27368,-446.69214,-103.40795,1029.54053,-458.75079,20.49208,1039.16614,-500.27652,-121.38436,931.69385
2462,20.508,-306.48825,-139.30927,1024.60364,-333.13535,63.97463,1066.27368,-446.43851,-103.41727,1029.4292,-458.75079,20.49208,1039.16614,-500.11221,-121.21368,931.42542
2463,20.517,-306.48825,-139.30927,1024.60364,-333.13535,63.97463,1066.27368,-446.43851,-103.41727,1029.4292,-458.74017,20.60742,1039.26465,-500.11221,-121.21368,931.42542
2464,20.525,-306.48825,-139.30927,1024.60364,-333.13535,63.97463,1066.27368,-446.60364,-103.23589,1029.67297,-458.74017,20.60742,1039.26465,-500.29102,-121.0954,931.21625
2465,20.533,-306.48825,-139.30927,1024.60364,-333.13535,63.97463,1066.27368,-446.60364,-103.23589,1029.67297,-458.74017,20.60742,1039.26465,-500.45532,-121.26609,931.48468
2466,20.542,-306.48825,-139.30927,1024.60364,-333.13535,63.97463,1066.27368,-446.60364,-103.23589,1029.67297,-458.74017,20.60742,1039.26465,-500.45532,-121.26609,931.48468
2467,20.55,-306.24402,-139.27483,1024.60974,-333.13535,63.97463,1066.27368,-446.43851,-103.41727,1029.4292,-458.74017,20.60742,1039.26465,-500.27652,-121.38436,931.69385
2468,20.558,-306.51804,-139.24542,1024.71802,-333.13535,63.97463,1066.27368,-446.69214,-103.40795,1029.54053,-458.74017,20.60742,1039.26465,-500.11221,-121.21368,931.42542
2469,20.567,-306.48825,-139.30927,1024.60364,-333.13535,63.97463,1066.27368,-446.60364,-103.23589,1029.67297,-458.74017,20.60742,1039.26465,-500.11221,-121.21368,931.42542
2470,20.575,-306.51804,-139.24542,1024.71802,-333.13535,63.97463,1066.27368,-446.34998,-103.24519,1029.56165,-458.548,21.12521,1039.16846,-500.11221,-121.21368,931.42542
2471,20.583,-306.24402,-139.27483,1024.60974,-333.13535,63.97463,1066.27368,-446.34998,-103.24519,1029.56165,-458.548,21.12521,1039.16846,-500.11221,-121.21368,931.42542
2472,20.592,-306.48825,-139.30927,1024.60364,-333.13535,63.97463,1066.27368,-446.69214,-103.40795,1029.54053,-458.79849,20.88257,1039.15894,-500.11221,-121.21368,931.42542
2473,20.6,-306.54816,-139.15483,1024.85522,-333.13535,63.97463,1066.27368,-446.69214,-103.40795,1029.54053,-458.548,21.12521,1039.16846,-500.27652,-121.38436,931.69385
2474,20.608,-306.5318,-139.10704,1024.95764,-333.13535,63.97463,1066.27368,-446.87259,-103.30287,1029.36389,-458.548,21.12521,1039.16846,-500.45532,-121.26609,931.48468
2475,20.617,-306.5318,-139.10704,1024.95764,-333.13535,63.97463,1066.27368,-446.60364,-103.23589,1029.67297,-458.548,21.12521,1039.16846,-500.45532,-121.26609,931.48468
2476,20.625,-306.5318,-139.10704,1024.95764,-332.93204,64.3001,1066.63245,-446.60364,-103.23589,1029.67297,-458.548,21.12521,1039.16846,-500.11221,-121.21368,931.42542
2477,20.633,-306.5318,-139.10704,1024.95764,-333.13535,63.97463,1066.27368,-446.60364,-103.23589,1029.67297,-458.548,21.12521,1039.16846,-500.08453,-120.60089,931.36871
2478,20.642,-306.78922,-138.83745,1025.36877,-332.93204,64.3001,1066.63245,-446.59406,-103.13812,1029.76086,-458.548,21.12521,1039.16846,-500.08453,-120.60089,931.36871
2479,20.65,-306.78922,-138.83745,1025.36877,-332.93204,64.3001,1066.63245,-446.65665,-103.0956,1029.73364,-458.548,21.12521,1039.16846,-500.59399,-121.04404,931.89319
2480,20.658,-306.86252,-138.99471,1025.547,-332.93204,64.3001,1066.63245,-446.65665,-103.0956,1029.73364,-458.548,21.12521,1039.16846,-500.4545,-120.8016,931.83948
2481,20.667,-306.74417,-139.15761,1025.44861,-332.729,64.62557,1066.99121,-446.53232,-102.93934,1029.77576,-458.60126,21.13107,1039.06885,-500.23032,-120.61774,931.69958
2482,20.675,-306.78922,-138.83745,1025.36877,-332.93204,64.3001,1066.63245,-446.53232,-102.93934,1029.77576,-458.60126,21.13107,1039.06885,-500.3078,-120.44,931.7641
2483,20.683,-306.5899,-138.89445,1025.39026,-332.729,64.62557,1066.99121,-446.53058,-102.83632,1029.86023,-458.34207,21.44966,1039.12512,-500.14349,-120.26937,931.49573
2484,20.692,-306.6709,-139.00035,1025.27051,-332.729,64.62557,1066.99121,-446.51093,-102.70492,1029.9187,-458.34207,21.44966,1039.12512,-500.34921,-120.29949,931.69812
2485,20.7,-307.07825,-138.43541,1024.91394,-332.729,64.62557,1066.99121,-446.53058,-102.83632,1029.86023,-458.22397,21.68688,1039.21765,-500.17636,-120.10595,931.7113
2486,20.708,-306.95993,-138.59834,1024.81555,-332.93204,64.3001,1066.63245,-446.27689,-102.84561,1029.74878,-458.34207,21.44966,1039.12512,-499.97061,-120.07577,931.50885
2487,20.717,-306.78238,-138.71986,1024.79016,-332.93204,64.3001,1066.63245,-446.27689,-102.84561,1029.74878,-458.548,21.12521,1039.16846,-500.13492,-120.24642,931.77722
2488,20.725,-306.78238,-138.71986,1024.79016,-332.729,64.62557,1066.99121,-446.61911,-103.00839,1029.72778,-458.548,21.12521,1039.16846,-500.13492,-120.24642,931.77722
2489,20.733,-306.75226,-138.81049,1024.65295,-332.729,64.62557,1066.99121,-446.27866,-102.94862,1029.66443,-458.548,21.12521,1039.16846,-499.91165,-120.40734,931.3819
2490,20.742,-306.78238,-138.71986,1024.79016,-332.93204,64.3001,1066.63245,-446.47931,-103.07964,1029.71509,-458.34207,21.44966,1039.12512,-499.91165,-120.40734,931.3819
2491,20.75,-306.78238,-138.71986,1024.79016,-332.729,64.62557,1066.99121,-446.22565,-103.08891,1029.60376,-458.34207,21.44966,1039.12512,-500.08453,-120.60089,931.36871
2492,20.758,-306.78238,-138.71986,1024.79016,-332.729,64.62557,1066.99121,-446.27866,-102.94862,1029.66443,-458.34207,21.44966,1039.12512,-500.08453,-120.60089,931.36871
2493,20.767,-306.78238,-138.71986,1024.79016,-333.13535,63.97463,1066.27368,-446.27866,-102.94862,1029.66443,-458.39532,21.45551,1039.02551,-500.08453,-120.60089,931.36871
2494,20.775,-306.49036,-138.75633,1024.66736,-333.13535,63.97463,1066.27368,-446.53232,-102.93934,1029.77576,-458.548,21.12521,1039.16846,-499.91165,-120.40734,931.3819
2495,20.783,-306.87894,-138.49246,1024.9353,-332.93204,64.3001,1066.63245,-446.53232,-102.93934,1029.77576,-458.548,21.12521,1039.16846,-500.08453,-120.60089,931.36871
2496,20.792,-306.58313,-138.57672,1025.04102,-332.729,64.62557,1066.99121,-446.27866,-102.94862,1029.66443,-458.548,21.12521,1039.16846,-499.79977,-120.77775,931.38483
2497,20.8,-306.48203,-138.98303,1025.7981,-332.729,64.62557,1066.99121,-445.9902,-103.07349,1029.52722,-458.60126,21.13107,1039.06885,-499.67163,-120.57008,931.24701
2498,20.808,-306.7511,-138.51909,1025.27844,-332.729,64.62557,1066.99121,-446.22754,-102.95843,1029.75244,-458.34207,21.44966,1039.12512,-499.60245,-120.74244,931.65649
2499,20.817,-306.5307,-138.85306,1025.46301,-332.729,64.62557,1066.99121,-446.27689,-102.84561,1029.74878,-458.34207,21.44966,1039.12512,-499.8931,-120.25354,931.44434
2500,20.825,-306.6329,-138.4818,1025.40955,-332.729,64.62557,1066.99121,-446.20267,-102.73969,1029.89856,-458.34207,21.44966,1039.12512,-499.79181,-120.19431,931.71814
2501,20.833,-306.41254,-138.81577,1025.59412,-332.729,64.62557,1066.99121,-446.11832,-102.56586,1029.97644,-458.34207,21.44966,1039.12512,-499.79181,-120.19431,931.71814
2502,20.842,-306.41238,-139.01593,1025.36475,-332.729,64.62557,1066.99121,-446.20267,-102.73969,1029.89856,-458.548,21.12521,1039.16846,-500.13492,-120.24642,931.77722
2503,20.85,-306.63275,-138.68198,1025.18005,-332.729,64.62557,1066.99121,-446.22577,-102.85542,1029.83679,-458.548,21.12521,1039.16846,-500.13492,-120.24642,931.77722
2504,20.858,-306.45081,-139.00114,1025.07739,-332.729,64.62557,1066.99121,-446.09433,-102.9234,1029.49988,-458.548,21.12521,1039.16846,-499.97061,-120.07577,931.50885
2505,20.867,-306.78238,-138.71986,1024.79016,-332.729,64.62557,1066.99121,-446.27689,-102.84561,1029.74878,-458.34207,21.44966,1039.12512,-499.97061,-120.07577,931.50885
2506,20.875,-306.49036,-138.75633,1024.66736,-332.93204,64.3001,1066.63245,-446.04132,-103.06367,1029.43921,-458.34207,21.44966,1039.12512,-499.8931,-120.25354,931.44434
2507,20.883,-306.17471,-138.7589,1024.58765,-332.729,64.62557,1066.99121,-446.22565,-103.08891,1029.60376,-458.34207,21.44966,1039.12512,-499.76492,-120.04581,931.30646
2508,20.892,-306.47815,-138.83992,1024.5448,-332.93204,64.3001,1066.63245,-446.04132,-103.06367,1029.43921,-458.548,21.12521,1039.16846,-499.68741,-120.22356,931.24194
2509,20.9,-306.19669,-138.89503,1024.35999,-332.93204,64.3001,1066.63245,-446.04132,-103.06367,1029.43921,-458.548,21.12521,1039.16846,-500.05743,-120.42418,931.71271
2510,20.908,-306.19669,-138.89503,1024.35999,-333.13535,63.97463,1066.27368,-446.04132,-103.06367,1029.43921,-458.548,21.12521,1039.16846,-499.96414,-120.94839,931.65326
2511,20.917,-306.1669,-138.95886,1024.24561,-333.13535,63.97463,1066.27368,-446.16568,-103.21999,1029.39709,-458.548,21.12521,1039.16846,-499.97266,-120.97124,931.3717
2512,20.925,-306.1669,-138.95886,1024.24561,-333.13535,63.97463,1066.27368,-446.22565,-103.08891,1029.60376,-458.34207,21.44966,1039.12512,-499.97266,-120.97124,931.3717
2513,20.933,-306.1669,-138.95886,1024.24561,-333.13535,63.97463,1066.27368,-446.16568,-103.21999,1029.39709,-458.40594,21.34014,1038.92688,-499.82935,-120.9003,931.0636
2514,20.942,-306.28854,-139.04814,1024.07971,-333.13535,63.97463,1066.27368,-446.16568,-103.21999,1029.39709,-458.39532,21.45551,1039.02551,-500.21378,-120.81188,931.05676
2515,20.95,-306.28854,-139.04814,1024.07971,-333.42984,64.13094,1066.06787,-446.16568,-103.21999,1029.39709,-458.60126,21.13107,1039.06885,-500.0108,-120.79686,930.89557
2516,20.958,-306.1669,-138.95886,1024.24561,-333.13535,63.97463,1066.27368,-446.25424,-103.39207,1029.26465,-458.60126,21.13107,1039.06885,-500.21378,-120.81188,931.05676
2517,20.967,-306.28854,-139.04814,1024.07971,-333.13535,63.97463,1066.27368,-446.25424,-103.39207,1029.26465,-458.60126,21.13107,1039.06885,-500.37811,-120.98251,931.3252
2518,20.975,-306.28854,-139.04814,1024.07971,-333.13535,63.97463,1066.27368,-446.43851,-103.41727,1029.4292,-458.60126,21.13107,1039.06885,-500.21378,-120.81188,931.05676
2519,20.983,-306.28854,-139.04814,1024.07971,-333.13535,63.97463,1066.27368,-446.16568,-103.21999,1029.39709,-458.548,21.12521,1039.16846,-500.15146,-120.85295,931.16248
2520,20.992,-306.1669,-138.95886,1024.24561,-333.13535,63.97463,1066.27368,-446.16568,-103.21999,1029.39709,-458.34207,21.44966,1039.12512,-499.97266,-120.97124,931.3717
2521,21,-306.28854,-139.04814,1024.07971,-333.13535,63.97463,1066.27368,-446.16568,-103.21999,1029.39709,-458.34207,21.44966,1039.12512,-500.03497,-120.93021,931.26593
2522,21.008,-306.28854,-139.04814,1024.07971,-333.13535,63.97463,1066.27368,-446.04132,-103.06367,1029.43921,-458.548,21.12521,1039.16846,-499.79977,-120.77775,931.38483
2523,21.017,-306.1669,-138.95886,1024.24561,-333.13535,63.97463,1066.27368,-446.04132,-103.06367,1029.43921,-458.548,21.12521,1039.16846,-499.96414,-120.94839,931.65326
2524,21.025,-306.1669,-138.95886,1024.24561,-333.13535,63.97463,1066.27368,-446.04132,-103.06367,1029.43921,-458.548,21.12521,1039.16846,-499.94559,-120.7946,931.7157
2525,21.033,-306.1669,-138.95886,1024.24561,-333.13535,63.97463,1066.27368,-446.04132,-103.06367,1029.43921,-458.548,21.12521,1039.16846,-499.96414,-120.94839,931.65326
2526,21.042,-306.28854,-139.04814,1024.07971,-333.13535,63.97463,1066.27368,-446.04132,-103.06367,1029.43921,-458.34207,21.44966,1039.12512,-499.78644,-120.6813,931.66412
2527,21.05,-306.28854,-139.04814,1024.07971,-333.13535,63.97463,1066.27368,-446.04132,-103.06367,1029.43921,-458.34207,21.44966,1039.12512,-499.78122,-120.62395,931.44733
2528,21.058,-306.16422,-139.11829,1023.94946,-333.13535,63.97463,1066.27368,-445.9902,-103.07349,1029.52722,-458.34207,21.44966,1039.12512,-499.8931,-120.25354,931.44434
2529,21.067,-305.50256,-139.06395,1023.93555,-333.13535,63.97463,1066.27368,-445.9902,-103.07349,1029.52722,-458.34207,21.44966,1039.12512,-499.87323,-120.6088,931.9986
2530,21.075,-305.43723,-139.28471,1023.73676,-333.03253,64.23827,1065.69373,-445.47858,-103.24583,1029.36902,-458.34207,21.44966,1039.12512,-499.87323,-120.6088,931.9986
2531,21.083,-305.23315,-139.10143,1023.73285,-333.13535,63.97463,1066.27368,-445.47858,-103.24583,1029.36902,-458.548,21.12521,1039.16846,-499.6676,-120.5789,931.7962
2532,21.092,-305.22882,-138.91035,1023.58093,-333.03253,64.23827,1065.69373,-445.42746,-103.25564,1029.45703,-458.548,21.12521,1039.16846,-499.94559,-120.7946,931.7157
2533,21.1,-305.31125,-139.00436,1023.75067,-333.03253,64.23827,1065.69373,-445.42746,-103.25564,1029.45703,-458.34207,21.44966,1039.12512,-499.87323,-120.6088,931.9986
2534,21.108,-305.22882,-138.91035,1023.58093,-333.03253,64.23827,1065.69373,-445.47858,-103.24583,1029.36902,-458.22397,21.68688,1039.21765,-499.78122,-120.62395,931.44733
2535,21.117,-305.43286,-139.09366,1023.58484,-333.03253,64.23827,1065.69373,-445.42746,-103.25564,1029.45703,-457.98911,22.04098,1039.12903,-499.57556,-120.59399,931.24493
2536,21.125,-305.10721,-138.82104,1023.74683,-333.32709,64.39447,1065.48792,-445.34308,-103.08184,1029.53491,-457.98911,22.04098,1039.12903,-499.57556,-120.59399,931.24493
2537,21.133,-305.10721,-138.82104,1023.74683,-333.03253,64.23827,1065.69373,-445.34308,-103.08184,1029.53491,-458.24393,21.41137,1039.18884,-499.96414,-120.94839,931.65326
2538,21.142,-305.22882,-138.91035,1023.58093,-333.03253,64.23827,1065.69373,-445.42746,-103.25564,1029.45703,-458.24393,21.41137,1039.18884,-499.75854,-120.91848,931.45093
2539,21.15,-305.10721,-138.82104,1023.74683,-333.03253,64.23827,1065.69373,-445.26553,-103.29137,1029.35461,-458.24393,21.41137,1039.18884,-499.59967,-120.8742,931.72186
2540,21.158,-305.10721,-138.82104,1023.74683,-333.03253,64.23827,1065.69373,-445.26553,-103.29137,1029.35461,-458.24393,21.41137,1039.18884,-499.43524,-120.70352,931.45343
2541,21.167,-305.10721,-138.82104,1023.74683,-333.03253,64.23827,1065.69373,-445.26553,-103.29137,1029.35461,-457.89093,22.00269,1039.19275,-499.43524,-120.70352,931.45343
2542,21.175,-305.22882,-138.91035,1023.58093,-333.03253,64.23827,1065.69373,-445.18115,-103.11756,1029.4325,-457.89093,22.00269,1039.19275,-499.43524,-120.70352,931.45343
2543,21.183,-305.10721,-138.82104,1023.74683,-332.94812,64.35357,1065.34778,-445.18115,-103.11756,1029.4325,-457.89093,22.00269,1039.19275,-499.14481,-120.64874,931.30872
2544,21.192,-305.10721,-138.82104,1023.74683,-332.94812,64.35357,1065.34778,-445.18115,-103.11756,1029.4325,-458.24393,21.41137,1039.18884,-499.01929,-120.58016,931.36157
2545,21.2,-305.10721,-138.82104,1023.74683,-333.03253,64.23827,1065.69373,-445.01282,-103.03344,1029.39709,-458.04163,21.02309,1039.53418,-499.11133,-120.56506,931.91296
2546,21.208,-304.92242,-138.8838,1023.83374,-332.94812,64.35357,1065.34778,-444.9679,-103.16228,1029.45276,-457.78281,21.08863,1039.40991,-498.89417,-120.85421,931.64392
2547,21.217,-304.92242,-138.8838,1023.83374,-332.94812,64.35357,1065.34778,-444.9679,-103.16228,1029.45276,-458.04163,21.02309,1039.53418,-498.90753,-120.95062,931.36456
2548,21.225,-304.9556,-138.64331,1023.66327,-332.94812,64.35357,1065.34778,-444.9679,-103.16228,1029.45276,-457.37646,21.67423,1039.51355,-498.92612,-121.10443,931.30206
2549,21.233,-304.41711,-138.39694,1023.66821,-332.94812,64.35357,1065.34778,-444.87836,-103.27547,1029.31921,-457.43475,21.94938,1039.40784,-498.96396,-120.24845,931.53278
2550,21.242,-304.26935,-138.21976,1023.57861,-332.94812,64.35357,1065.34778,-444.87836,-103.27547,1029.31921,-456.92407,21.76598,1039.82056,-499.03787,-120.73398,931.29913
2551,21.25,-304.00943,-138.38632,1023.31592,-332.94812,64.35357,1065.34778,-444.71719,-103.4449,1029.37891,-457.37646,21.67423,1039.51355,-498.92612,-121.10443,931.30206
2552,21.258,-304.16345,-138.56506,1023.39813,-332.47986,64.36549,1065.01758,-444.47531,-103.64283,1029.40112,-457.36621,20.96619,1039.67847,-498.92612,-121.10443,931.30206
2553,21.267,-304.23077,-138.72043,1023.58362,-332.94812,64.35357,1065.34778,-444.21741,-103.98321,1029.2583,-457.36621,20.96619,1039.67847,-498.92612,-121.10443,931.30206
2554,21.275,-304.18341,-138.77808,1023.4494,-332.47986,64.36549,1065.01758,-444.15536,-103.71519,1029.41724,-457.36621,20.96619,1039.67847,-498.79175,-121.26171,931.31036
2555,21.283,-303.60138,-138.91084,1023.47449,-332.47986,64.36549,1065.01758,-444.15536,-103.71519,1029.41724,-457.01291,21.55764,1039.68262,-498.79175,-121.26171,931.31036
2556,21.292,-303.34613,-138.81427,1023.19263,-333.03253,64.23827,1065.69373,-444.15536,-103.71519,1029.41724,-456.92407,21.76598,1039.82056,-498.79175,-121.26171,931.31036
2557,21.3,-303.42749,-138.90239,1023.22028,-332.94812,64.35357,1065.34778,-444.21741,-103.98321,1029.2583,-456.92407,21.76598,1039.82056,-498.79175,-121.26171,931.31036
2558,21.308,-302.80377,-139.10139,1023.09509,-333.03253,64.23827,1065.69373,-444.15536,-103.71519,1029.41724,-457.01291,21.55764,1039.68262,-498.79175,-121.26171,931.31036
2559,21.317,-302.88156,-139.05722,1023.26031,-333.03253,64.23827,1065.69373,-444.15536,-103.71519,1029.41724,-457.36621,20.96619,1039.67847,-498.79175,-121.26171,931.31036
2560,21.325,-303.12344,-139.14822,1023.52789,-333.13535,63.97463,1066.27368,-444.21741,-103.98321,1029.2583,-457.36844,20.77226,1039.80969,-498.73294,-121.49026,931.37494
2561,21.333,-303.18427,-139.47935,1023.55566,-333.03253,64.23827,1065.69373,-444.21741,-103.98321,1029.2583,-457.36844,20.77226,1039.80969,-498.46744,-121.24784,931.36206
2562,21.342,-303.24225,-139.43527,1023.69104,-333.03253,64.23827,1065.69373,-443.98236,-104.08659,1029.40051,-457.01514,21.3638,1039.81384,-498.46744,-121.24784,931.36206
2563,21.35,-302.87735,-139.2583,1023.27319,-333.13535,63.97463,1066.27368,-443.86032,-103.94781,1029.30029,-456.9263,21.57216,1039.95178,-498.50684,-121.56801,931.44763
2564,21.358,-303.12344,-139.14822,1023.52789,-333.13535,63.97463,1066.27368,-443.92029,-103.81858,1029.55945,-456.64771,21.59008,1039.80493,-498.24133,-121.32555,931.43469
2565,21.367,-303.02087,-139.10127,1023.4234,-333.13535,63.97463,1066.27368,-443.92029,-103.81858,1029.55945,-457.01514,21.3638,1039.81384,-498.50684,-121.56801,931.44763
2566,21.375,-303.02087,-139.10127,1023.4234,-333.13535,63.97463,1066.27368,-443.92029,-103.81858,1029.55945,-457.25021,21.00957,1039.90247,-498.49344,-121.47155,931.72705
2567,21.383,-302.80377,-139.10139,1023.09509,-333.13535,63.97463,1066.27368,-444.15536,-103.71519,1029.41724,-457.36844,20.77226,1039.80969,-498.41537,-121.46998,931.4859
2568,21.392,-302.80377,-139.10139,1023.09509,-333.13535,63.97463,1066.27368,-443.92029,-103.81858,1029.55945,-457.18176,20.25105,1039.89441,-498.41537,-121.46998,931.4859
2569,21.4,-302.80377,-139.10139,1023.09509,-333.13535,63.97463,1066.27368,-443.84534,-104.0509,1029.48254,-457.06354,20.48839,1039.98706,-498.18927,-121.54766,931.55859
2570,21.408,-302.80377,-139.10139,1023.09509,-333.13535,63.97463,1066.27368,-443.84534,-104.0509,1029.48254,-456.73962,21.05107,1040.03638,-498.14941,-121.73154,931.74451
2571,21.417,-302.80377,-139.10139,1023.09509,-333.13535,63.97463,1066.27368,-443.86032,-103.94781,1029.30029,-456.73962,21.05107,1040.03638,-497.88391,-121.48917,931.73163
2572,21.425,-302.80377,-139.10139,1023.09509,-333.13535,63.97463,1066.27368,-444.21741,-103.98321,1029.2583,-456.92111,21.21773,1039.88477,-498.73294,-121.49026,931.37494
2573,21.433,-302.80377,-139.10139,1023.09509,-333.13535,63.97463,1066.27368,-444.14246,-104.21548,1029.18152,-457.27441,20.62612,1039.88074,-498.46744,-121.24784,931.36206
2574,21.442,-303.02792,-139.30859,1023.112,-333.13535,63.97463,1066.27368,-444.14246,-104.21548,1029.18152,-457.38788,19.92642,1039.93762,-498.41537,-121.46998,931.4859
2575,21.45,-302.80377,-139.10139,1023.09509,-333.13535,63.97463,1066.27368,-444.14246,-104.21548,1029.18152,-457.27579,20.39722,1039.82336,-498.52625,-121.01926,931.29742
2576,21.458,-302.80377,-139.10139,1023.09509,-333.13535,63.97463,1066.27368,-444.14246,-104.21548,1029.18152,-457.06354,20.48839,1039.98706,-498.46744,-121.24784,931.36206
2577,21.467,-302.96542,-139.03496,1022.91071,-333.13535,63.97463,1066.27368,-444.14246,-104.21548,1029.18152,-456.83362,21.19716,1039.96545,-498.30063,-120.66102,931.3808
2578,21.475,-303.11942,-139.21368,1022.99292,-333.13535,63.97463,1066.27368,-444.14246,-104.21548,1029.18152,-456.83362,21.19716,1039.96545,-498.30063,-120.66102,931.3808
2579,21.483,-303.30579,-139.35376,1022.76422,-333.13535,63.97463,1066.27368,-444.14246,-104.21548,1029.18152,-457.15756,20.63454,1039.91602,-498.79175,-121.26171,931.31036
2580,21.492,-303.55499,-139.23466,1022.70789,-333.13535,63.97463,1066.27368,-444.14246,-104.21548,1029.18152,-457.27579,20.39722,1039.82336,-498.79175,-121.26171,931.31036
2581,21.5,-303.55811,-139.45992,1022.96686,-333.13535,63.97463,1066.27368,-444.14246,-104.21548,1029.18152,-457.57455,20.44769,1039.85303,-498.79175,-121.26171,931.31036
2582,21.508,-303.71426,-139.41571,1022.7851,-333.13535,63.97463,1066.27368,-444.46234,-104.14313,1029.16541,-457.4819,20.07263,1039.8667,-498.52625,-121.01926,931.29742
2583,21.517,-303.89703,-139.35675,1022.69336,-333.13535,63.97463,1066.27368,-444.14246,-104.21548,1029.18152,-457.54507,20.36763,1039.72534,-498.79175,-121.26171,931.31036
2584,21.525,-303.89703,-139.35675,1022.69336,-333.13535,63.97463,1066.27368,-444.14246,-104.21548,1029.18152,-457.41635,20.56897,1040.04028,-498.79175,-121.26171,931.31036
2585,21.533,-303.89703,-139.35675,1022.69336,-333.13535,63.97463,1066.27368,-444.27658,-104.05597,1029.10913,-457.29822,20.80643,1040.13293,-498.79175,-121.26171,931.31036
2586,21.542,-303.89703,-139.35675,1022.69336,-333.13535,63.97463,1066.27368,-444.14246,-104.21548,1029.18152,-457.41635,20.56897,1040.04028,-498.79175,-121.26171,931.31036
2587,21.55,-303.89703,-139.35675,1022.69336,-333.13535,63.97463,1066.27368,-444.5965,-103.9836,1029.09302,-458.00983,19.97757,1039.89294,-498.79175,-121.26171,931.31036
2588,21.558,-304.09052,-139.50204,1022.82849,-333.13535,63.97463,1066.27368,-444.5965,-103.9836,1029.09302,-458.10388,20.12379,1039.8219,-498.93204,-121.15225,931.10187
2589,21.567,-304.48611,-139.49075,1022.966,-333.13535,63.97463,1066.27368,-444.5965,-103.9836,1029.09302,-458.10388,20.12379,1039.8219,-498.93204,-121.15225,931.10187
2590,21.575,-304.52936,-139.5625,1022.80524,-333.13535,63.97463,1066.27368,-444.5965,-103.9836,1029.09302,-458.10388,20.12379,1039.8219,-498.79175,-121.26171,931.31036
2591,21.583,-304.30774,-139.37444,1022.82196,-333.13535,63.97463,1066.27368,-444.5965,-103.9836,1029.09302,-457.9906,20.82338,1039.76501,-498.79175,-121.26171,931.31036
2592,21.592,-304.43744,-139.40265,1022.98761,-333.13535,63.97463,1066.27368,-444.5965,-103.9836,1029.09302,-457.87247,21.06065,1039.85767,-498.92612,-121.10443,931.30206
2593,21.6,-304.48611,-139.49075,1022.966,-333.13535,63.97463,1066.27368,-444.67148,-103.75134,1029.1698,-457.87247,21.06065,1039.85767,-498.92612,-121.10443,931.30206
2594,21.608,-304.65192,-139.69032,1023.06769,-333.13535,63.97463,1066.27368,-444.67148,-103.75134,1029.1698,-458.19659,20.49886,1039.80823,-498.92612,-121.10443,931.30206
2595,21.617,-304.48611,-139.49075,1022.966,-333.13535,63.97463,1066.27368,-444.5965,-103.9836,1029.09302,-458.19659,20.49886,1039.80823,-498.92612,-121.10443,931.30206
2596,21.625,-304.65192,-139.69032,1023.06769,-333.13535,63.97463,1066.27368,-444.94043,-103.54348,1029.16028,-458.19659,20.49886,1039.80823,-498.92612,-121.10443,931.30206
2597,21.633,-304.77713,-139.71063,1023.23535,-333.13535,63.97463,1066.27368,-444.67148,-103.75134,1029.1698,-458.19659,20.49886,1039.80823,-498.92612,-121.10443,931.30206
2598,21.642,-304.86917,-139.87941,1023.06012,-333.13535,63.97463,1066.27368,-444.94043,-103.54348,1029.16028,-457.87247,21.06065,1039.85767,-499.03787,-120.73398,931.29913
2599,21.65,-304.77713,-139.71063,1023.23535,-333.13535,63.97463,1066.27368,-444.94043,-103.54348,1029.16028,-457.87247,21.06065,1039.85767,-498.70056,-120.74622,931.3855
2600,21.658,-304.77713,-139.71063,1023.23535,-333.13535,63.97463,1066.27368,-444.94043,-103.54348,1029.16028,-457.87247,21.06065,1039.85767,-498.92612,-121.10443,931.30206
2601,21.667,-304.99442,-139.8997,1023.22778,-333.13535,63.97463,1066.27368,-444.94043,-103.54348,1029.16028,-458.19659,20.49886,1039.80823,-498.92612,-121.10443,931.30206
2602,21.675,-304.77713,-139.71063,1023.23535,-333.13535,63.97463,1066.27368,-444.94043,-103.54348,1029.16028,-458.19659,20.49886,1039.80823,-498.9996,-120.93552,931.91602
2603,21.683,-304.99442,-139.8997,1023.22778,-333.13535,63.97463,1066.27368,-444.94043,-103.54348,1029.16028,-458.19659,20.49886,1039.80823,-499.20236,-120.90466,931.56763
2604,21.692,-305.01306,-140.00136,1023.39252,-333.13535,63.97463,1066.27368,-445.18155,-103.58495,1029.26831,-458.19659,20.49886,1039.80823,-499.03787,-120.73398,931.29913
2605,21.7,-305.01306,-140.00136,1023.39252,-333.13535,63.97463,1066.27368,-445.18155,-103.58495,1029.26831,-458.19659,20.49886,1039.80823,-499.03787,-120.73398,931.29913
2606,21.708,-305.01306,-140.00136,1023.39252,-333.13535,63.97463,1066.27368,-445.18155,-103.58495,1029.26831,-458.30038,20.48513,1039.91321,-498.92612,-121.10443,931.30206
2607,21.717,-305.01306,-140.00136,1023.39252,-333.13535,63.97463,1066.27368,-445.18155,-103.58495,1029.26831,-458.30038,20.48513,1039.91321,-499.05164,-121.173,931.24921
2608,21.725,-305.01306,-140.00136,1023.39252,-333.13535,63.97463,1066.27368,-445.18155,-103.58495,1029.26831,-458.4444,20.59815,1039.67358,-499.05164,-121.173,931.24921
2609,21.733,-305.01306,-140.00136,1023.39252,-333.13535,63.97463,1066.27368,-445.27011,-103.75709,1029.13574,-458.80038,20.18877,1039.66821,-499.05164,-121.173,931.24921
2610,21.742,-305.01306,-140.00136,1023.39252,-333.13535,63.97463,1066.27368,-445.27011,-103.75709,1029.13574,-458.95166,20.23289,1039.50488,-499.19189,-121.06349,931.04071
2611,21.75,-305.01306,-140.00136,1023.39252,-333.13535,63.97463,1066.27368,-445.27011,-103.75709,1029.13574,-459.12561,20.21818,1039.61023,-499.48233,-121.11826,931.18542
2612,21.758,-305.01306,-140.00136,1023.39252,-333.13535,63.97463,1066.27368,-445.42169,-103.91207,1029.11035,-459.12561,20.21818,1039.61023,-499.59412,-120.7478,931.1825
2613,21.767,-305.3728,-139.4368,1023.20416,-333.13535,63.97463,1066.27368,-445.73621,-103.64922,1029.13538,-459.12561,20.21818,1039.61023,-499.59412,-120.7478,931.1825
2614,21.775,-305.3728,-139.4368,1023.20416,-333.13535,63.97463,1066.27368,-445.92249,-103.62788,1029.15552,-459.14499,20.33992,1039.50598,-499.76703,-120.94135,931.16937
2615,21.783,-305.01306,-140.00136,1023.39252,-333.13535,63.97463,1066.27368,-445.92249,-103.62788,1029.15552,-459.14499,20.33992,1039.50598,-499.76703,-120.94135,931.16937
2616,21.792,-305.19864,-140.27837,1023.46509,-333.13535,63.97463,1066.27368,-445.92249,-103.62788,1029.15552,-459.14499,20.33992,1039.50598,-499.76703,-120.94135,931.16937
2617,21.8,-305.19421,-140.08733,1023.31317,-333.13535,63.97463,1066.27368,-446.24243,-103.5555,1029.13928,-459.15564,20.22459,1039.40747,-499.79483,-121.55424,931.22607
2618,21.808,-305.19864,-140.27837,1023.46509,-333.87592,63.4221,1066.27966,-446.24243,-103.5555,1029.13928,-459.15564,20.22459,1039.40747,-500.08807,-121.08041,931.05511
2619,21.817,-305.63892,-140.22267,1023.3764,-333.87592,63.4221,1066.27966,-446.24243,-103.5555,1029.13928,-459.20889,20.23045,1039.30786,-500.15039,-121.03934,930.94934
2620,21.825,-305.87158,-139.73012,1023.3288,-333.87592,63.4221,1066.27966,-446.24243,-103.5555,1029.13928,-459.38577,20.16678,1039.53638,-500.15039,-121.03934,930.94934
2621,21.833,-305.87158,-139.73012,1023.3288,-334.17044,63.57842,1066.07385,-446.4267,-103.58072,1029.30383,-459.26721,20.50558,1039.20227,-500.23373,-121.01791,930.88361
2622,21.842,-305.87158,-139.73012,1023.3288,-334.17044,63.57842,1066.07385,-446.24243,-103.5555,1029.13928,-459.44412,20.44186,1039.43079,-500.23373,-121.01791,930.88361
2623,21.85,-305.71237,-140.3058,1023.27533,-334.17044,63.57842,1066.07385,-446.55768,-103.87934,1029.24768,-459.37677,19.97752,1039.39294,-500.43665,-121.03291,931.0448
2624,21.858,-306.07224,-139.7412,1023.08698,-334.17044,63.57842,1066.07385,-446.37344,-103.85414,1029.08325,-459.37677,19.97752,1039.39294,-500.23373,-121.01791,930.88361
2625,21.867,-306.07224,-139.7412,1023.08698,-334.17044,63.57842,1066.07385,-446.55768,-103.87934,1029.24768,-459.37677,19.97752,1039.39294,-500.23373,-121.01791,930.88361
2626,21.875,-306.15775,-139.78752,1023.16638,-334.52432,63.54179,1066.39343,-446.63293,-103.88055,1029.17334,-459.37677,19.97752,1039.39294,-500.44394,-120.93491,930.78717
2627,21.883,-306.15775,-139.78752,1023.16638,-334.52432,63.54179,1066.39343,-447.06689,-103.76611,1029.10803,-459.74832,20.04967,1039.34106,-500.47247,-121.13383,930.96094
2628,21.892,-306.47015,-139.86218,1023.1861,-334.52432,63.54179,1066.39343,-447.06689,-103.76611,1029.10803,-459.8067,20.32473,1039.23547,-500.47974,-121.03584,930.70337
2629,21.9,-306.35251,-139.78633,1023.09003,-334.30176,63.39892,1066.61194,-447.06689,-103.76611,1029.10803,-459.87881,20.12986,1039.29395,-500.54849,-121.41906,930.4173
2630,21.908,-306.35251,-139.78633,1023.09003,-334.52432,63.54179,1066.39343,-447.06689,-103.76611,1029.10803,-459.93784,19.78854,1039.32227,-500.57526,-121.21741,930.55829
2631,21.917,-306.74048,-139.95461,1023.16394,-334.52432,63.54179,1066.39343,-447.06689,-103.76611,1029.10803,-459.99622,20.06361,1039.21667,-500.57526,-121.21741,930.55829
2632,21.925,-306.74048,-139.95461,1023.16394,-334.52432,63.54179,1066.39343,-447.06689,-103.76611,1029.10803,-459.99622,20.06361,1039.21667,-500.54849,-121.41906,930.4173
2633,21.933,-306.91934,-139.60193,1023.26874,-334.52432,63.54179,1066.39343,-447.06689,-103.76611,1029.10803,-459.93784,19.78854,1039.32227,-500.63617,-121.08041,930.47314
2634,21.942,-306.93497,-139.82062,1023.21118,-334.52432,63.54179,1066.39343,-447.06689,-103.76611,1029.10803,-459.93784,19.78854,1039.32227,-500.60941,-121.28206,930.33215
2635,21.95,-307.11386,-139.4679,1023.31592,-334.52432,63.54179,1066.39343,-447.30209,-103.66319,1028.96582,-459.99622,20.06361,1039.21667,-500.60941,-121.28206,930.33215
2636,21.958,-307.29092,-139.39824,1023.48547,-334.52432,63.54179,1066.39343,-447.06689,-103.76611,1029.10803,-459.99622,20.06361,1039.21667,-500.60941,-121.28206,930.33215
2637,21.967,-307.29092,-139.39824,1023.48547,-334.52432,63.54179,1066.39343,-447.41177,-103.73046,1028.9126,-459.99622,20.06361,1039.21667,-500.60941,-121.28206,930.33215
2638,21.975,-307.57327,-139.39146,1023.60852,-334.52432,63.54179,1066.39343,-447.72308,-104.28391,1028.90125,-460.15353,19.91092,1039.15735,-500.63617,-121.08041,930.47314
2639,21.983,-307.37677,-139.29826,1023.4118,-334.52432,63.54179,1066.39343,-447.83273,-104.35123,1028.84814,-460.70844,20.24785,1038.99646,-500.63617,-121.08041,930.47314
2640,21.992,-307.69528,-139.22382,1023.61108,-335.03702,63.66438,1066.41333,-447.50415,-103.98205,1028.87537,-460.4072,20.02551,1038.953,-500.63617,-121.08041,930.47314
2641,22,-307.6601,-139.28374,1023.69025,-335.21219,63.60789,1066.66895,-447.41177,-103.73046,1028.9126,-460.9812,20.16421,1038.88049,-500.74805,-120.70998,930.47015
2642,22.008,-307.99164,-139.3055,1023.73926,-335.21219,63.60789,1066.66895,-447.41177,-103.73046,1028.9126,-461.20959,20.14719,1038.92529,-500.63617,-121.08041,930.47314
2643,22.017,-307.89682,-139.40323,1023.72198,-335.03702,63.66438,1066.41333,-447.41177,-103.73046,1028.9126,-460.9812,20.16421,1038.88049,-500.63617,-121.08041,930.47314
2644,22.025,-308.12009,-139.35437,1023.88098,-335.4971,63.72177,1066.56445,-447.83273,-104.35123,1028.84814,-461.20959,20.14719,1038.92529,-501.27478,-120.87614,930.30731
2645,22.033,-307.99164,-139.3055,1023.73926,-335.4971,63.72177,1066.56445,-447.83273,-104.35123,1028.84814,-461.32513,20.21624,1038.86853,-500.88937,-120.88445,930.60077
2646,22.042,-307.99164,-139.3055,1023.73926,-335.4971,63.72177,1066.56445,-447.83273,-104.35123,1028.84814,-461.32513,20.21624,1038.86853,-500.88937,-120.88445,930.60077
2647,22.05,-307.99164,-139.3055,1023.73926,-335.69824,63.67572,1066.81055,-447.83273,-104.35123,1028.84814,-461.35507,20.06411,1038.78821,-500.88937,-120.88445,930.60077
2648,22.058,-307.99164,-139.3055,1023.73926,-335.4971,63.72177,1066.56445,-447.41177,-103.73046,1028.9126,-461.52048,20.16792,1038.8241,-501.02747,-120.654,930.48724
2649,22.067,-307.89313,-139.1667,1023.74054,-335.69824,63.67572,1066.81055,-447.41177,-103.73046,1028.9126,-461.52048,20.16792,1038.8241,-501.64557,-120.79137,930.30066
2650,22.075,-308.17862,-139.17403,1023.77222,-335.69824,63.67572,1066.81055,-447.7319,-103.65878,1028.89648,-461.52048,20.16792,1038.8241,-501.64557,-120.79137,930.30066
2651,22.083,-307.99164,-139.3055,1023.73926,-335.69824,63.67572,1066.81055,-447.83273,-104.35123,1028.84814,-461.52048,20.16792,1038.8241,-501.35989,-120.70739,930.16327
2652,22.092,-308.02643,-139.09396,1023.84991,-335.99045,63.79309,1066.40015,-448.15268,-104.27949,1028.83191,-461.52048,20.16792,1038.8241,-501.142,-121.03017,930.47687
2653,22.1,-308.08011,-139.03523,1023.77344,-335.69824,63.67572,1066.81055,-447.83273,-104.35123,1028.84814,-461.52048,20.16792,1038.8241,-501.87189,-120.79704,930.28729
2654,22.108,-307.92795,-138.95514,1023.85114,-335.4971,63.72177,1066.56445,-448.15268,-104.27949,1028.83191,-461.68152,20.40592,1038.854,-501.87189,-120.79704,930.28729
2655,22.117,-308.17862,-139.17403,1023.77222,-335.69824,63.67572,1066.81055,-448.26666,-104.16537,1028.81201,-461.68152,20.40592,1038.854,-501.73068,-120.62263,930.15668
2656,22.125,-308.08011,-139.03523,1023.77344,-335.99045,63.79309,1066.40015,-448.26666,-104.16537,1028.81201,-461.93289,20.74418,1038.72009,-501.73068,-120.62263,930.15668
2657,22.133,-308.08011,-139.03523,1023.77344,-335.69824,63.67572,1066.81055,-448.36234,-104.11986,1028.75513,-461.93289,20.74418,1038.72009,-501.73068,-120.62263,930.15668
2658,22.142,-307.92795,-138.95514,1023.85114,-335.69824,63.67572,1066.81055,-448.44809,-103.9728,1028.78918,-461.93289,20.74418,1038.72009,-501.95523,-120.77549,930.22156
2659,22.15,-308.42255,-139.05777,1023.82416,-335.69824,63.67572,1066.81055,-448.44809,-103.9728,1028.78918,-461.93289,20.74418,1038.72009,-501.87189,-120.79704,930.28729
2660,22.158,-308.24127,-138.97162,1023.90338,-336.0144,63.35204,1066.98608,-448.44809,-103.9728,1028.78918,-461.93289,20.74418,1038.72009,-501.89871,-120.59527,930.42828
2661,22.167,-308.42255,-139.05777,1023.82416,-336.0144,63.35204,1066.98608,-448.44809,-103.9728,1028.78918,-461.93289,20.74418,1038.72009,-501.89871,-120.59527,930.42828
2662,22.175,-308.42255,-139.05777,1023.82416,-335.69824,63.67572,1066.81055,-448.44809,-103.9728,1028.78918,-461.93289,20.74418,1038.72009,-501.82632,-120.40998,930.711
2663,22.183,-308.33978,-139.11043,1023.90216,-335.69824,63.67572,1066.81055,-448.0274,-103.3521,1028.85376,-461.93289,20.74418,1038.72009,-501.66217,-120.23935,930.44263
2664,22.192,-308.24127,-138.97162,1023.90338,-335.69824,63.67572,1066.81055,-448.25433,-103.64591,1028.93774,-461.93289,20.74418,1038.72009,-501.75754,-120.42085,930.29767
2665,22.2,-308.08823,-139.01894,1024.08032,-335.69824,63.67572,1066.81055,-448.44809,-103.9728,1028.78918,-461.93289,20.74418,1038.72009,-501.98206,-120.57372,930.36255
2666,22.208,-308.08823,-139.01894,1024.08032,-335.69824,63.67572,1066.81055,-448.44809,-103.9728,1028.78918,-461.90732,20.89779,1038.80273,-501.82632,-120.40998,930.711
2667,22.217,-308.08823,-139.01894,1024.08032,-335.69824,63.67572,1066.81055,-448.44809,-103.9728,1028.78918,-461.93289,20.74418,1038.72009,-501.89871,-120.59527,930.42828
2668,22.225,-308.33978,-139.11043,1023.90216,-335.69824,63.67572,1066.81055,-448.51443,-103.72821,1028.71826,-462.035,21.01891,1038.84265,-502.08344,-120.38972,930.4082
2669,22.233,-308.08823,-139.01894,1024.08032,-336.8244,63.86619,1067.05591,-448.51443,-103.72821,1028.71826,-462.00943,21.17252,1038.92529,-501.97702,-120.43692,930.47644
2670,22.242,-308.08823,-139.01894,1024.08032,-335.69824,63.67572,1066.81055,-448.32071,-103.40133,1028.86682,-462.00943,21.17252,1038.92529,-501.84692,-120.03381,930.42261
2671,22.25,-308.08823,-139.01894,1024.08032,-335.69824,63.67572,1066.81055,-448.09378,-103.10753,1028.78271,-461.90732,20.89779,1038.80273,-501.84692,-120.03381,930.42261
2672,22.258,-308.52106,-139.19655,1023.82288,-336.47751,63.90556,1066.42981,-448.44809,-103.9728,1028.78918,-461.93289,20.74418,1038.72009,-501.94226,-120.2153,930.27765
2673,22.267,-308.42255,-139.05777,1023.82416,-335.69824,63.67572,1066.81055,-448.51443,-103.72821,1028.71826,-461.93289,20.74418,1038.72009,-502.08344,-120.38972,930.4082
2674,22.275,-308.24127,-138.97162,1023.90338,-335.69824,63.67572,1066.81055,-448.51443,-103.72821,1028.71826,-462.00943,21.17252,1038.92529,-502.08344,-120.38972,930.4082
2675,22.283,-308.24127,-138.97162,1023.90338,-335.69824,63.67572,1066.81055,-448.51443,-103.72821,1028.71826,-462.00943,21.17252,1038.92529,-502.08344,-120.38972,930.4082
2676,22.292,-308.42255,-139.05777,1023.82416,-336.30664,63.46943,1066.57581,-448.51443,-103.72821,1028.71826,-462.00943,21.17252,1038.92529,-501.94226,-120.2153,930.27765
2677,22.3,-308.42255,-139.05777,1023.82416,-335.69824,63.67572,1066.81055,-448.51443,-103.72821,1028.71826,-462.00943,21.17252,1038.92529,-501.94226,-120.2153,930.27765
2678,22.308,-308.42255,-139.05777,1023.82416,-336.18536,63.78824,1066.84021,-448.51443,-103.72821,1028.71826,-462.00943,21.17252,1038.92529,-501.94226,-120.2153,930.27765
2679,22.317,-308.42255,-139.05777,1023.82416,-336.0144,63.35204,1066.98608,-448.51443,-103.72821,1028.71826,-462.00943,21.17252,1038.92529,-501.94226,-120.2153,930.27765
2680,22.325,-308.24127,-138.97162,1023.90338,-336.50153,63.46455,1067.01563,-448.51443,-103.72821,1028.71826,-462.00943,21.17252,1038.92529,-501.94226,-120.2153,930.27765
2681,22.333,-308.23639,-138.79216,1024.29309,-336.0144,63.35204,1066.98608,-448.51443,-103.72821,1028.71826,-462.00943,21.17252,1038.92529,-501.94226,-120.2153,930.27765
2682,22.342,-308.36685,-138.93556,1024.48914,-337.14056,63.54244,1067.23132,-448.51443,-103.72821,1028.71826,-462.00943,21.17252,1038.92529,-502.08344,-120.38972,930.4082
2683,22.35,-308.22128,-138.92599,1024.46765,-337.1778,63.42221,1067.56018,-448.51443,-103.72821,1028.71826,-462.00943,21.17252,1038.92529,-501.94226,-120.2153,930.27765
2684,22.358,-308.22128,-138.92599,1024.46765,-335.82794,63.28757,1067.02905,-448.51443,-103.72821,1028.71826,-461.91608,20.95856,1039.06738,-501.94226,-120.2153,930.27765
2685,22.367,-308.26691,-138.61618,1024.55237,-337.14056,63.54244,1067.23132,-448.4277,-103.71832,1028.81067,-462.00943,21.17252,1038.92529,-501.94226,-120.2153,930.27765
2686,22.375,-308.22171,-138.93642,1024.6322,-337.1778,63.42221,1067.56018,-448.20377,-103.40958,1028.79541,-462.12289,21.11023,1039.09021,-501.94226,-120.2153,930.27765
2687,22.383,-308.34012,-138.77345,1024.73059,-337.14056,63.54244,1067.23132,-448.4277,-103.71832,1028.81067,-462.00943,21.17252,1038.92529,-501.94226,-120.2153,930.27765
2688,22.392,-308.34012,-138.77345,1024.73059,-337.1778,63.42221,1067.56018,-448.4277,-103.71832,1028.81067,-462.00943,21.17252,1038.92529,-501.94226,-120.2153,930.27765
2689,22.4,-308.34012,-138.77345,1024.73059,-337.14056,63.54244,1067.23132,-448.51443,-103.72821,1028.71826,-461.91608,20.95856,1039.06738,-502.08344,-120.38972,930.4082
2690,22.408,-308.34012,-138.77345,1024.73059,-336.93701,63.86763,1067.5896,-448.51443,-103.72821,1028.71826,-461.91608,20.95856,1039.06738,-501.94226,-120.2153,930.27765
2691,22.417,-308.34012,-138.77345,1024.73059,-337.1778,63.42221,1067.56018,-448.51443,-103.72821,1028.71826,-462.00943,21.17252,1038.92529,-501.94226,-120.2153,930.27765
2692,22.425,-308.37628,-138.88246,1024.74988,-337.1778,63.42221,1067.56018,-448.51443,-103.72821,1028.71826,-462.12289,21.11023,1039.09021,-501.94226,-120.2153,930.27765
2693,22.433,-308.66098,-139.00546,1024.66846,-337.14056,63.54244,1067.23132,-448.51443,-103.72821,1028.71826,-462.15286,20.95814,1039.00977,-501.94226,-120.2153,930.27765
2694,22.442,-308.52264,-138.8011,1024.34961,-337.1778,63.42221,1067.56018,-448.62408,-103.79542,1028.66516,-462.15286,20.95814,1039.00977,-501.94226,-120.2153,930.27765
2695,22.45,-308.40137,-139.08604,1024.44568,-337.14056,63.54244,1067.23132,-448.75842,-103.63509,1028.5929,-462.28925,20.76714,1038.96204,-501.91541,-120.41711,930.1366
2696,22.458,-308.78546,-138.98621,1024.54724,-337.1778,63.42221,1067.56018,-448.75842,-103.63509,1028.5929,-462.28925,20.76714,1038.96204,-501.81403,-120.60108,930.09094
2697,22.467,-308.8587,-139.14343,1024.72546,-337.1778,63.42221,1067.56018,-449.59235,-103.96034,1028.69141,-462.28925,20.76714,1038.96204,-501.91541,-120.41711,930.1366
2698,22.475,-308.93149,-138.99728,1024.48779,-337.1778,63.42221,1067.56018,-449.59235,-103.96034,1028.69141,-462.28925,20.76714,1038.96204,-501.91541,-120.41711,930.1366
2699,22.483,-308.93149,-138.99728,1024.48779,-337.1778,63.42221,1067.56018,-449.70511,-103.8337,1028.68286,-462.28925,20.76714,1038.96204,-501.81403,-120.60108,930.09094
2700,22.492,-309.03671,-138.937,1024.80603,-337.1778,63.42221,1067.56018,-449.70511,-103.8337,1028.68286,-462.28925,20.76714,1038.96204,-501.81403,-120.60108,930.09094
2701,22.5,-309.03671,-138.937,1024.80603,-337.1778,63.42221,1067.56018,-449.59235,-103.96034,1028.69141,-462.41776,20.91555,1038.91968,-501.81403,-120.60108,930.09094
2702,22.508,-309.03671,-138.937,1024.80603,-337.1778,63.42221,1067.56018,-449.70511,-103.8337,1028.68286,-462.41776,20.91555,1038.91968,-501.91541,-120.41711,930.1366
2703,22.517,-309.08295,-139.03613,1024.67542,-337.1778,63.42221,1067.56018,-449.827,-103.97195,1028.78296,-462.41776,20.91555,1038.91968,-502.24338,-120.76747,930.37091
2704,22.525,-309.51999,-138.98189,1024.95081,-337.1778,63.42221,1067.56018,-449.827,-103.97195,1028.78296,-462.41776,20.91555,1038.91968,-502.34476,-120.58347,930.41663
2705,22.533,-309.56625,-139.08102,1024.82019,-337.1778,63.42221,1067.56018,-449.78195,-103.95791,1028.78516,-462.41776,20.91555,1038.91968,-502.20361,-120.4091,930.28601
2706,22.542,-309.27322,-139.12509,1024.96106,-337.1778,63.42221,1067.56018,-449.96622,-103.98344,1028.94958,-462.41776,20.91555,1038.91968,-502.20361,-120.4091,930.28601
2707,22.55,-309.56625,-139.08102,1024.82019,-337.1778,63.42221,1067.56018,-449.96622,-103.98344,1028.94958,-462.41776,20.91555,1038.91968,-502.20361,-120.4091,930.28601
2708,22.558,-309.74469,-139.02617,1024.72632,-337.1778,63.42221,1067.56018,-449.70511,-103.8337,1028.68286,-462.41776,20.91555,1038.91968,-502.34476,-120.58347,930.41663
2709,22.567,-309.74469,-139.02617,1024.72632,-337.1778,63.42221,1067.56018,-450.01123,-103.99751,1028.94739,-462.41776,20.91555,1038.91968,-502.34476,-120.58347,930.41663
2710,22.575,-309.38348,-139.32712,1024.64307,-337.1778,63.42221,1067.56018,-450.08807,-104.12167,1029.04968,-462.41776,20.91555,1038.91968,-502.34476,-120.58347,930.41663
2711,22.583,-309.5311,-139.23273,1024.43604,-337.1778,63.42221,1067.56018,-450.08807,-104.12167,1029.04968,-462.41776,20.91555,1038.91968,-502.34476,-120.58347,930.41663
2712,22.592,-309.68408,-139.18544,1024.25916,-337.1778,63.42221,1067.56018,-449.90384,-104.09616,1028.88525,-462.41776,20.91555,1038.91968,-502.34476,-120.58347,930.41663
2713,22.6,-309.57907,-139.26265,1024.12341,-337.1778,63.42221,1067.56018,-450.28949,-104.79585,1029.09814,-462.51788,20.59344,1039.03015,-502.34476,-120.58347,930.41663
2714,22.608,-309.57907,-139.26265,1024.12341,-337.14056,63.54244,1067.23132,-450.28949,-104.79585,1029.09814,-462.34094,20.65773,1038.80176,-502.55109,-120.47869,930.25836
2715,22.617,-309.33633,-139.4006,1024.13855,-337.1778,63.42221,1067.56018,-450.46548,-104.91931,1028.98303,-462.51788,20.59344,1039.03015,-502.44968,-120.66273,930.21271
2716,22.625,-309.57907,-139.26265,1024.12341,-337.1778,63.42221,1067.56018,-450.53189,-104.67487,1028.91211,-462.71729,20.50283,1039.09729,-502.50818,-120.65868,930.10724
2717,22.633,-309.57907,-139.26265,1024.12341,-337.1778,63.42221,1067.56018,-450.53189,-104.67487,1028.91211,-462.71729,20.50283,1039.09729,-502.74902,-120.66959,930.11853
2718,22.642,-309.57907,-139.26265,1024.12341,-337.1778,63.42221,1067.56018,-450.53189,-104.67487,1028.91211,-462.69357,20.59635,1038.87207,-502.64761,-120.85359,930.07288
2719,22.65,-309.57907,-139.26265,1024.12341,-337.1778,63.42221,1067.56018,-450.53189,-104.67487,1028.91211,-462.79364,20.27439,1038.98267,-502.74902,-120.66959,930.11853
2720,22.658,-309.57907,-139.26265,1024.12341,-337.1778,63.42221,1067.56018,-450.53189,-104.67487,1028.91211,-462.79364,20.27439,1038.98267,-502.74902,-120.66959,930.11853
2721,22.667,-309.57907,-139.26265,1024.12341,-337.1778,63.42221,1067.56018,-450.73563,-104.82114,1029.10913,-463.16547,20.34569,1038.93066,-502.74902,-120.66959,930.11853
2722,22.675,-309.74722,-139.35129,1024.28284,-337.1778,63.42221,1067.56018,-450.72339,-104.68214,1029.03271,-462.79364,20.27439,1038.98267,-502.78201,-120.69614,930.06458
2723,22.683,-309.74722,-139.35129,1024.28284,-337.1778,63.42221,1067.56018,-450.53189,-104.67487,1028.91211,-463.25403,20.138,1038.79272,-502.74902,-120.66959,930.11853
2724,22.692,-309.74722,-139.35129,1024.28284,-337.1778,63.42221,1067.56018,-450.95325,-104.87651,1029.02405,-463.48862,19.78501,1038.88135,-502.64761,-120.85359,930.07288
2725,22.7,-310.28345,-139.48729,1024.2207,-337.1778,63.42221,1067.56018,-450.65695,-104.92657,1029.10364,-463.48862,19.78501,1038.88135,-502.64761,-120.85359,930.07288
2726,22.708,-310.08981,-139.37373,1024.3335,-337.1778,63.42221,1067.56018,-450.72339,-104.68214,1029.03271,-463.11697,19.71365,1038.93335,-502.64761,-120.85359,930.07288
2727,22.717,-309.97131,-139.59201,1024.07849,-337.1778,63.42221,1067.56018,-450.88681,-105.1209,1029.09485,-462.79364,20.27439,1038.98267,-502.64761,-120.85359,930.07288
2728,22.725,-309.97131,-139.59201,1024.07849,-337.92004,62.99151,1067.3241,-450.69537,-105.1137,1028.97437,-462.88229,20.06668,1038.84473,-502.64761,-120.85359,930.07288
2729,22.733,-310.3139,-139.61446,1024.12915,-337.92004,62.99151,1067.3241,-450.88681,-105.1209,1029.09485,-463.48862,19.78501,1038.88135,-502.73697,-121.06992,929.99469
2730,22.742,-310.07117,-139.7524,1024.14429,-337.92004,62.99151,1067.3241,-451.15695,-105.02272,1029.22095,-463.48862,19.78501,1038.88135,-502.83835,-120.88594,930.04034
2731,22.75,-309.54315,-139.64618,1023.90283,-338.45108,62.73625,1067.052,-451.15695,-105.02272,1029.22095,-463.72342,19.43246,1038.96985,-502.73697,-121.06992,929.99469
2732,22.758,-309.72855,-139.72993,1024.09363,-338.45108,62.73625,1067.052,-451.15695,-105.02272,1029.22095,-463.23499,19.47708,1038.8407,-502.93546,-121.17659,930.05133
2733,22.767,-309.54315,-139.64618,1023.90283,-338.45108,62.73625,1067.052,-450.69537,-105.1137,1028.97437,-463.48862,19.78501,1038.88135,-503.04691,-121.07078,929.89191
2734,22.775,-309.54315,-139.64618,1023.90283,-338.45108,62.73625,1067.052,-450.69537,-105.1137,1028.97437,-463.29877,19.60311,1038.97449,-502.93546,-121.17659,930.05133
2735,22.783,-309.70016,-139.5851,1023.76282,-338.45108,62.73625,1067.052,-450.69537,-105.1137,1028.97437,-463.67041,19.67455,1038.92249,-503.04691,-121.07078,929.89191
2736,22.792,-309.94293,-139.44714,1023.74768,-338.43094,62.18526,1066.98474,-450.96552,-105.01554,1029.10046,-463.67041,19.67455,1038.92249,-503.1813,-120.91335,929.88361
2737,22.8,-309.63474,-140.05603,1024.12122,-338.43094,62.18526,1066.98474,-450.69537,-105.1137,1028.97437,-463.41675,19.36655,1038.88196,-503.1813,-120.91335,929.88361
2738,22.808,-310.02966,-139.99825,1024.02844,-338.43094,62.18526,1066.98474,-450.9787,-105.20686,1028.9696,-463.99393,19.11464,1038.87317,-503.54776,-121.24796,929.83203
2739,22.817,-310.09518,-139.52725,1023.66998,-338.43094,62.18526,1066.98474,-450.9787,-105.20686,1028.9696,-463.99393,19.11464,1038.87317,-503.77307,-121.60488,929.74872
2740,22.825,-310.09518,-139.52725,1023.66998,-338.43094,62.18526,1066.98474,-450.96552,-105.01554,1029.10046,-463.62247,19.04314,1038.92517,-503.77307,-121.60488,929.74872
2741,22.833,-310.22318,-140.11189,1023.91565,-338.43094,62.18526,1066.98474,-451.0672,-105.37844,1028.83716,-463.78833,19.43802,1038.82996,-503.29977,-120.89432,929.77753
2742,22.842,-310.4086,-140.19562,1024.10645,-338.43094,62.18526,1066.98474,-451.17014,-105.21406,1029.09009,-463.41675,19.36655,1038.88196,-503.29977,-120.89432,929.77753
2743,22.85,-310.0376,-140.02831,1023.72504,-338.43094,62.18526,1066.98474,-451.22113,-105.08611,1028.78357,-463.78833,19.43802,1038.82996,-503.29977,-120.89432,929.77753
2744,22.858,-310.4086,-140.19562,1024.10645,-338.43094,62.18526,1066.98474,-451.49377,-105.28314,1028.81555,-463.78833,19.43802,1038.82996,-503.29977,-120.89432,929.77753
2745,22.867,-310.4086,-140.19562,1024.10645,-338.43094,62.18526,1066.98474,-451.49377,-105.28314,1028.81555,-463.99393,19.11464,1038.87317,-503.77307,-121.60488,929.74872
2746,22.875,-310.67816,-140.24287,1024.10413,-338.43094,62.18526,1066.98474,-451.49377,-105.28314,1028.81555,-463.99393,19.11464,1038.87317,-503.77307,-121.60488,929.74872
2747,22.883,-310.67816,-140.24287,1024.10413,-338.43094,62.18526,1066.98474,-451.49377,-105.28314,1028.81555,-463.99393,19.11464,1038.87317,-503.77307,-121.60488,929.74872
2748,22.892,-310.67816,-140.24287,1024.10413,-338.43094,62.18526,1066.98474,-451.5448,-105.27322,1028.72766,-463.99393,19.11464,1038.87317,-503.75708,-121.51634,929.50183
2749,22.9,-310.67816,-140.24287,1024.10413,-338.43094,62.18526,1066.98474,-451.49377,-105.28314,1028.81555,-463.99393,19.11464,1038.87317,-503.51343,-121.25335,929.62531
2750,22.908,-310.67816,-140.24287,1024.10413,-338.43094,62.18526,1066.98474,-451.49377,-105.28314,1028.81555,-463.78833,19.43802,1038.82996,-503.51343,-121.25335,929.62531
2751,22.917,-310.67816,-140.24287,1024.10413,-338.43094,62.18526,1066.98474,-451.49377,-105.28314,1028.81555,-463.78833,19.43802,1038.82996,-503.51343,-121.25335,929.62531
2752,22.925,-310.7424,-140.17934,1023.85162,-338.66022,62.16899,1066.64307,-451.5448,-105.27322,1028.72766,-463.99393,19.11464,1038.87317,-503.75708,-121.51634,929.50183
2753,22.933,-310.67816,-140.24287,1024.10413,-338.66022,62.16899,1066.64307,-451.5448,-105.27322,1028.72766,-463.99393,19.11464,1038.87317,-503.75708,-121.51634,929.50183
2754,22.942,-310.92935,-139.85542,1023.9364,-338.43094,62.18526,1066.98474,-451.5448,-105.27322,1028.72766,-463.99393,19.11464,1038.87317,-503.75708,-121.51634,929.50183
2755,22.95,-310.76251,-140.32411,1024.00867,-338.66022,62.16899,1066.64307,-451.5448,-105.27322,1028.72766,-463.99393,19.11464,1038.87317,-503.75708,-121.51634,929.50183
2756,22.958,-310.7439,-139.77173,1023.74561,-338.66022,62.16899,1066.64307,-451.64136,-105.37374,1028.60632,-463.99393,19.11464,1038.87317,-503.75708,-121.51634,929.50183
2757,22.967,-310.82828,-139.85297,1023.65002,-338.66022,62.16899,1066.64307,-451.64136,-105.37374,1028.60632,-463.78833,19.43802,1038.82996,-503.49741,-121.16479,929.37842
2758,22.975,-310.45581,-140.09329,1023.37463,-338.66022,62.16899,1066.64307,-451.64136,-105.37374,1028.60632,-463.99393,19.11464,1038.87317,-503.49741,-121.16479,929.37842
2759,22.983,-310.42297,-140.16666,1023.2793,-338.66022,62.16899,1066.64307,-451.64136,-105.37374,1028.60632,-463.99393,19.11464,1038.87317,-503.75708,-121.51634,929.50183
2760,22.992,-310.45581,-140.09329,1023.37463,-339.00238,62.33054,1066.45459,-451.64136,-105.37374,1028.60632,-463.99393,19.11464,1038.87317,-503.75708,-121.51634,929.50183
2761,23,-310.77377,-140.20341,1023.37592,-338.66022,62.16899,1066.64307,-451.64136,-105.37374,1028.60632,-463.99393,19.11464,1038.87317,-503.75708,-121.51634,929.50183
2762,23.008,-310.79391,-140.33394,1023.66077,-339.00238,62.33054,1066.45459,-451.64136,-105.37374,1028.60632,-464.01212,18.91688,1038.80774,-503.75708,-121.51634,929.50183
2763,23.017,-310.64136,-140.17686,1023.56531,-338.66022,62.16899,1066.64307,-451.64136,-105.37374,1028.60632,-463.99393,19.11464,1038.87317,-503.75708,-121.51634,929.50183
2764,23.025,-310.64136,-140.17686,1023.56531,-338.66022,62.16899,1066.64307,-451.64136,-105.37374,1028.60632,-463.99393,19.11464,1038.87317,-503.75708,-121.51634,929.50183
2765,23.033,-310.79391,-140.33394,1023.66077,-338.66022,62.16899,1066.64307,-451.64136,-105.37374,1028.60632,-463.99393,19.11464,1038.87317,-503.49741,-121.16479,929.37842
2766,23.042,-310.95917,-140.28714,1023.56677,-338.66022,62.16899,1066.64307,-451.64136,-105.37374,1028.60632,-463.99393,19.11464,1038.87317,-503.75708,-121.51634,929.50183
2767,23.05,-310.42297,-140.16666,1023.2793,-338.66022,62.16899,1066.64307,-451.68478,-105.01382,1028.59705,-463.99393,19.11464,1038.87317,-503.75708,-121.51634,929.50183
2768,23.058,-310.45581,-140.09329,1023.37463,-338.66022,62.16899,1066.64307,-451.64136,-105.37374,1028.60632,-463.99393,19.11464,1038.87317,-503.86258,-121.33575,929.54083
2769,23.067,-311.19214,-139.88182,1023.74689,-338.66022,62.16899,1066.64307,-451.64136,-105.37374,1028.60632,-463.99393,19.11464,1038.87317,-503.75708,-121.51634,929.50183
2770,23.075,-310.45581,-140.09329,1023.37463,-338.66022,62.16899,1066.64307,-451.61835,-105.25819,1028.66797,-463.99393,19.11464,1038.87317,-503.86258,-121.33575,929.54083
2771,23.083,-310.82828,-139.85297,1023.65002,-338.66022,62.16899,1066.64307,-451.68478,-105.01382,1028.59705,-463.99393,19.11464,1038.87317,-503.75708,-121.51634,929.50183
2772,23.092,-310.82828,-139.85297,1023.65002,-339.00238,62.33054,1066.45459,-451.61121,-105.02885,1028.65674,-463.99393,19.11464,1038.87317,-503.86258,-121.33575,929.54083
2773,23.1,-311.00671,-139.7981,1023.55609,-338.66022,62.16899,1066.64307,-451.70779,-105.12937,1028.5354,-464.24765,19.22869,1038.66895,-503.86258,-121.33575,929.54083
2774,23.108,-311.00671,-139.7981,1023.55609,-339.00238,62.33054,1066.45459,-451.68478,-105.01382,1028.59705,-463.99393,19.11464,1038.87317,-503.86258,-121.33575,929.54083
2775,23.117,-310.82828,-139.85297,1023.65002,-339.00238,62.33054,1066.45459,-451.68478,-105.01382,1028.59705,-463.99393,19.11464,1038.87317,-503.86258,-121.33575,929.54083
2776,23.125,-310.6427,-139.76942,1023.45935,-338.66022,62.16899,1066.64307,-451.2746,-105.37145,1028.60144,-463.99393,19.11464,1038.87317,-503.86258,-121.33575,929.54083
2777,23.133,-310.82117,-139.71454,1023.36536,-338.91776,62.44579,1066.10815,-451.64136,-105.37374,1028.60632,-463.99393,19.11464,1038.87317,-503.99493,-121.49092,929.54138
2778,23.142,-310.82117,-139.71454,1023.36536,-338.91776,62.44579,1066.10815,-451.64136,-105.37374,1028.60632,-463.99393,19.11464,1038.87317,-503.86258,-121.33575,929.54083
2779,23.15,-310.82117,-139.71454,1023.36536,-338.91776,62.44579,1066.10815,-451.34103,-105.12706,1028.53064,-463.99393,19.11464,1038.87317,-503.86258,-121.33575,929.54083
2780,23.158,-310.82117,-139.71454,1023.36536,-338.91776,62.44579,1066.10815,-451.68478,-105.01382,1028.59705,-463.99393,19.11464,1038.87317,-503.86258,-121.33575,929.54083
2781,23.167,-310.77512,-139.79596,1023.26996,-338.91776,62.44579,1066.10815,-451.68478,-105.01382,1028.59705,-463.99393,19.11464,1038.87317,-503.75708,-121.51634,929.50183
2782,23.175,-310.82117,-139.71454,1023.36536,-338.91776,62.44579,1066.10815,-451.34103,-105.12706,1028.53064,-464.24765,19.22869,1038.66895,-503.86258,-121.33575,929.54083
2783,23.183,-310.77512,-139.79596,1023.26996,-339.00034,63.1301,1066.10693,-451.34103,-105.12706,1028.53064,-463.99393,19.11464,1038.87317,-503.86258,-121.33575,929.54083
2784,23.192,-310.52545,-139.76155,1023.45953,-339.00034,63.1301,1066.10693,-451.2746,-105.37145,1028.60144,-463.99393,19.11464,1038.87317,-503.86258,-121.33575,929.54083
2785,23.2,-310.77512,-139.79596,1023.26996,-339.00034,63.1301,1066.10693,-451.2746,-105.37145,1028.60144,-463.78833,19.43802,1038.82996,-503.86258,-121.33575,929.54083
2786,23.208,-310.82117,-139.71454,1023.36536,-339.00034,63.1301,1066.10693,-451.34103,-105.12706,1028.53064,-464.04211,19.55205,1038.62561,-503.86258,-121.33575,929.54083
2787,23.217,-310.73679,-139.63329,1023.46094,-339.00034,63.1301,1066.10693,-451.52277,-104.85729,1028.78918,-463.78833,19.43802,1038.82996,-503.86258,-121.33575,929.54083
2788,23.225,-310.77512,-139.79596,1023.26996,-339.00034,63.1301,1066.10693,-451.34103,-105.12706,1028.53064,-464.04211,19.55205,1038.62561,-503.86258,-121.33575,929.54083
2789,23.233,-310.82117,-139.71454,1023.36536,-339.00034,63.1301,1066.10693,-451.34103,-105.12706,1028.53064,-463.99393,19.11464,1038.87317,-503.86258,-121.33575,929.54083
2790,23.242,-310.82117,-139.71454,1023.36536,-339.00034,63.1301,1066.10693,-451.34103,-105.12706,1028.53064,-463.99393,19.11464,1038.87317,-503.86258,-121.33575,929.54083
2791,23.25,-310.82117,-139.71454,1023.36536,-339.00034,63.1301,1066.10693,-451.34103,-105.12706,1028.53064,-463.78833,19.43802,1038.82996,-503.86258,-121.33575,929.54083
2792,23.258,-310.73679,-139.63329,1023.46094,-339.00034,63.1301,1066.10693,-451.15686,-105.10155,1028.36621,-463.78833,19.43802,1038.82996,-503.86258,-121.33575,929.54083
2793,23.267,-310.73679,-139.63329,1023.46094,-339.00034,63.1301,1066.10693,-451.34103,-105.12706,1028.53064,-463.78833,19.43802,1038.82996,-503.86258,-121.33575,929.54083
2794,23.275,-310.82117,-139.71454,1023.36536,-339.00034,63.1301,1066.10693,-451.34103,-105.12706,1028.53064,-463.78833,19.43802,1038.82996,-503.86258,-121.33575,929.54083
2795,23.283,-310.73679,-139.63329,1023.46094,-339.00034,63.1301,1066.10693,-451.34103,-105.12706,1028.53064,-464.04211,19.55205,1038.62561,-503.86258,-121.33575,929.54083
2796,23.292,-310.73679,-139.63329,1023.46094,-339.00034,63.1301,1066.10693,-451.34103,-105.12706,1028.53064,-463.99393,19.11464,1038.87317,-503.86258,-121.33575,929.54083
2797,23.3,-310.73679,-139.63329,1023.46094,-339.00034,63.1301,1066.10693,-451.15686,-105.10155,1028.36621,-463.99393,19.11464,1038.87317,-503.86258,-121.33575,929.54083
2798,23.308,-310.73679,-139.63329,1023.46094,-339.00034,63.1301,1066.10693,-451.20142,-104.92281,1028.26501,-463.84686,19.71287,1038.72437,-503.86258,-121.33575,929.54083
2799,23.317,-310.46716,-139.58603,1023.46326,-338.47647,63.87303,1065.4115,-451.18658,-104.73617,1028.33777,-463.49438,20.30235,1038.72852,-503.38931,-120.62515,929.56958
2800,23.325,-310.46716,-139.58603,1023.46326,-338.47647,63.87303,1065.4115,-451.26135,-104.51481,1028.42334,-463.31256,20.41286,1038.68726,-503.38931,-120.62515,929.56958
2801,23.333,-310.46716,-139.58603,1023.46326,-338.47647,63.87303,1065.4115,-451.11353,-104.80118,1028.44312,-462.88229,20.06668,1038.84473,-503.38931,-120.62515,929.56958
2802,23.342,-310.46716,-139.58603,1023.46326,-338.47647,63.87303,1065.4115,-451.11298,-104.75121,1028.39734,-463.51852,20.02882,1038.59363,-503.38931,-120.62515,929.56958
2803,23.35,-310.46716,-139.58603,1023.46326,-338.47647,63.87303,1065.4115,-451.09985,-104.55984,1028.52832,-463.51852,20.02882,1038.59363,-503.38931,-120.62515,929.56958
2804,23.358,-310.46716,-139.58603,1023.46326,-338.47647,63.87303,1065.4115,-451.09985,-104.55984,1028.52832,-463.30609,20.51957,1038.56982,-503.38931,-120.62515,929.56958
2805,23.367,-310.05286,-139.39603,1023.24884,-338.37366,64.13683,1064.83105,-451.1004,-104.60982,1028.57397,-463.30609,20.51957,1038.56982,-503.38931,-120.62515,929.56958
2806,23.375,-310.05286,-139.39603,1023.24884,-338.37366,64.13683,1064.83105,-450.97806,-104.42162,1028.42822,-462.75739,20.51248,1038.39343,-503.38931,-120.62515,929.56958
2807,23.383,-310.15366,-139.56958,1023.41101,-337.94742,64.15939,1064.49792,-450.85104,-104.12838,1028.3136,-462.9408,20.34152,1038.73926,-503.38931,-120.62515,929.56958
2808,23.392,-310.05286,-139.39603,1023.24884,-337.94742,64.15939,1064.49792,-450.97806,-104.42162,1028.42822,-462.9408,20.34152,1038.73926,-503.38931,-120.62515,929.56958
2809,23.4,-310.05286,-139.39603,1023.24884,-337.94742,64.15939,1064.49792,-450.36758,-103.9429,1028.21094,-462.9408,20.34152,1038.73926,-503.38931,-120.62515,929.56958
2810,23.408,-310.05286,-139.39603,1023.24884,-338.37366,64.13683,1064.83105,-450.74814,-104.22716,1028.43689,-462.9408,20.34152,1038.73926,-503.38931,-120.62515,929.56958
2811,23.417,-310.05286,-139.39603,1023.24884,-337.94742,64.15939,1064.49792,-450.49463,-104.23625,1028.32556,-462.76385,20.40576,1038.51074,-503.38931,-120.62515,929.56958
2812,23.425,-310.05286,-139.39603,1023.24884,-337.94742,64.15939,1064.49792,-450.36758,-103.9429,1028.21094,-462.76385,20.40576,1038.51074,-503.38931,-120.62515,929.56958
2813,23.433,-310.05286,-139.39603,1023.24884,-337.94742,64.15939,1064.49792,-450.36758,-103.9429,1028.21094,-462.76385,20.40576,1038.51074,-503.38931,-120.62515,929.56958
2814,23.442,-310.05286,-139.39603,1023.24884,-337.63162,64.48339,1064.32275,-450.62112,-103.93385,1028.32227,-462.75739,20.51248,1038.39343,-503.24826,-120.45082,929.43896
2815,23.45,-309.86646,-139.27777,1023.34045,-337.63162,64.48339,1064.32275,-450.62112,-103.93385,1028.32227,-462.93433,20.44823,1038.62183,-503.20798,-120.24554,929.33234
2816,23.458,-309.86646,-139.27777,1023.34045,-337.63162,64.48339,1064.32275,-450.41266,-103.81406,1028.1554,-462.75739,20.51248,1038.39343,-503.38931,-120.62515,929.56958
2817,23.467,-310.05286,-139.39603,1023.24884,-337.63162,64.48339,1064.32275,-450.6662,-103.80502,1028.26672,-462.93433,20.44823,1038.62183,-503.38931,-120.62515,929.56958
2818,23.475,-309.86646,-139.27777,1023.34045,-337.63162,64.48339,1064.32275,-450.89615,-103.99957,1028.25806,-462.93433,20.44823,1038.62183,-503.34903,-120.41983,929.46295
2819,23.483,-309.68509,-139.19165,1023.41974,-337.63162,64.48339,1064.32275,-450.6662,-103.80502,1028.26672,-463.30609,20.51957,1038.56982,-503.34903,-120.41983,929.46295
2820,23.492,-309.86646,-139.27777,1023.34045,-337.63162,64.48339,1064.32275,-450.539,-103.51216,1028.15222,-462.75739,20.51248,1038.39343,-503.20798,-120.24554,929.33234
2821,23.5,-309.86646,-139.27777,1023.34045,-337.63162,64.48339,1064.32275,-450.539,-103.51216,1028.15222,-462.7984,20.67238,1038.34106,-503.24826,-120.45082,929.43896
2822,23.508,-309.93582,-138.8042,1023.25189,-337.63162,64.48339,1064.32275,-450.41266,-103.81406,1028.1554,-462.75739,20.51248,1038.39343,-503.24826,-120.45082,929.43896
2823,23.517,-309.93582,-138.8042,1023.25189,-337.63162,64.48339,1064.32275,-450.539,-103.51216,1028.15222,-462.75739,20.51248,1038.39343,-503.21381,-120.01493,929.17273
2824,23.525,-309.68509,-139.19165,1023.41974,-337.63162,64.48339,1064.32275,-450.6662,-103.80502,1028.26672,-462.93433,20.44823,1038.62183,-503.35486,-120.18917,929.30334
2825,23.533,-309.93582,-138.8042,1023.25189,-337.63162,64.48339,1064.32275,-450.6662,-103.80502,1028.26672,-463.34717,20.67945,1038.51758,-503.34903,-120.41983,929.46295
2826,23.542,-309.68509,-139.19165,1023.41974,-337.63162,64.48339,1064.32275,-450.539,-103.51216,1028.15222,-463.34717,20.67945,1038.51758,-503.34903,-120.41983,929.46295
2827,23.55,-309.68509,-139.19165,1023.41974,-337.63162,64.48339,1064.32275,-450.539,-103.51216,1028.15222,-462.93433,20.44823,1038.62183,-503.28146,-120.18139,929.56805
2828,23.558,-309.68509,-139.19165,1023.41974,-337.63162,64.48339,1064.32275,-450.6662,-103.80502,1028.26672,-462.97537,20.60811,1038.56958,-503.14041,-120.0071,929.4375
2829,23.567,-309.68509,-139.19165,1023.41974,-337.63162,64.48339,1064.32275,-450.6662,-103.80502,1028.26672,-462.7984,20.67238,1038.34106,-503.20798,-120.24554,929.33234
2830,23.575,-309.73264,-139.0544,1023.64032,-337.63162,64.48339,1064.32275,-450.539,-103.51216,1028.15222,-462.97537,20.60811,1038.56958,-503.14041,-120.0071,929.4375
2831,23.583,-309.68509,-139.19165,1023.41974,-337.63162,64.48339,1064.32275,-450.539,-103.51216,1028.15222,-463.39908,20.89416,1038.55615,-503.34903,-120.41983,929.46295
2832,23.592,-309.68509,-139.19165,1023.41974,-337.63162,64.48339,1064.32275,-450.539,-103.51216,1028.15222,-463.30609,20.51957,1038.56982,-503.34903,-120.41983,929.46295
2833,23.6,-309.68509,-139.19165,1023.41974,-337.63162,64.48339,1064.32275,-450.93628,-103.70685,1028.39282,-463.34717,20.67945,1038.51758,-503.34903,-120.41983,929.46295
2834,23.608,-309.68509,-139.19165,1023.41974,-337.63162,64.48339,1064.32275,-450.93628,-103.70685,1028.39282,-463.60107,20.79352,1038.31323,-503.34903,-120.41983,929.46295
2835,23.617,-310.11725,-138.89032,1023.17261,-337.63162,64.48339,1064.32275,-450.89615,-103.99957,1028.25806,-463.56,20.63361,1038.36548,-503.35486,-120.18917,929.30334
2836,23.625,-309.86646,-139.27777,1023.34045,-337.63162,64.48339,1064.32275,-450.89615,-103.99957,1028.25806,-463.56,20.63361,1038.36548,-503.35486,-120.18917,929.30334
2837,23.633,-310.37103,-138.76749,1023.11884,-337.63162,64.48339,1064.32275,-450.76895,-103.70678,1028.14368,-463.34717,20.67945,1038.51758,-503.35486,-120.18917,929.30334
2838,23.642,-310.87103,-138.90218,1023.07941,-337.50439,64.58707,1063.97815,-451.10986,-104.46917,1028.18201,-463.97781,20.53984,1038.15771,-503.35486,-120.18917,929.30334
2839,23.65,-310.87103,-138.90218,1023.07941,-337.50439,64.58707,1063.97815,-450.96973,-103.98453,1028.19836,-463.97781,20.53984,1038.15771,-503.43137,-119.89919,929.20941
2840,23.658,-310.87103,-138.90218,1023.07941,-337.63162,64.48339,1064.32275,-451.37476,-104.21599,1028.2937,-463.97781,20.53984,1038.15771,-503.64499,-120.2581,929.05731
2841,23.667,-311.08847,-138.77472,1023.073,-337.50439,64.58707,1063.97815,-451.6055,-103.84734,1027.99268,-464.23172,20.65371,1037.95337,-503.6225,-120.36727,929.08685
2842,23.675,-311.08847,-138.77472,1023.073,-337.50439,64.58707,1063.97815,-451.59442,-104.01846,1027.89075,-464.32471,21.02844,1037.9397,-503.80896,-120.01828,928.93073
2843,23.683,-311.08847,-138.77472,1023.073,-337.50439,64.58707,1063.97815,-451.9057,-104.33728,1028.1698,-464.42407,21.3119,1037.85767,-503.94574,-119.82536,928.85468
2844,23.692,-311.08847,-138.77472,1023.073,-338.14911,65.40706,1064.38855,-451.86963,-103.73785,1028.05896,-464.60593,21.2014,1037.89893,-503.944,-119.87624,928.90991
2845,23.7,-311.08847,-138.77472,1023.073,-337.50439,64.58707,1063.97815,-451.64685,-104.30164,1028.19043,-464.64703,21.36134,1037.84656,-503.99057,-119.91527,928.76263
2846,23.708,-311.08847,-138.77472,1023.073,-338.14911,65.40706,1064.38855,-451.86749,-103.37522,1028.29175,-464.61234,21.09443,1038.01624,-504.63211,-120.10648,928.96375
2847,23.717,-311.35815,-138.82196,1023.07068,-338.50528,65.54961,1064.25818,-451.99472,-103.66805,1028.40613,-464.60593,21.2014,1037.89893,-504.63211,-120.10648,928.96375
2848,23.725,-311.08847,-138.77472,1023.073,-338.14911,65.40706,1064.38855,-452.12177,-103.96134,1028.52075,-464.65344,21.25438,1037.96399,-504.42841,-119.52341,928.72089
2849,23.733,-311.08847,-138.77472,1023.073,-338.14911,65.40706,1064.38855,-452.04651,-103.98125,1028.52222,-464.65344,21.25438,1037.96399,-504.21497,-119.16458,928.87292
2850,23.742,-311.08847,-138.77472,1023.073,-338.14911,65.40706,1064.38855,-451.91162,-103.6516,1028.5531,-464.65344,21.25438,1037.96399,-504.42841,-119.52341,928.72089
2851,23.75,-311.35815,-138.82196,1023.07068,-338.50528,65.54961,1064.25818,-452.13492,-104.15277,1028.38977,-464.60593,21.2014,1037.89893,-504.42841,-119.52341,928.72089
2852,23.758,-311.35815,-138.82196,1023.07068,-338.50528,65.54961,1064.25818,-451.90628,-103.49654,1028.53857,-464.61234,21.09443,1038.01624,-504.25931,-119.99586,928.91376
2853,23.767,-311.35815,-138.82196,1023.07068,-338.14911,65.40706,1064.38855,-451.81534,-103.80282,1028.53491,-464.75873,20.88903,1038.10571,-504.20358,-120.2276,929.03326
2854,23.775,-311.35815,-138.82196,1023.07068,-338.50528,65.54961,1064.25818,-452.03082,-104.26758,1028.51709,-464.75873,20.88903,1038.10571,-504.40292,-120.223,929.13959
2855,23.783,-311.35815,-138.82196,1023.07068,-337.50439,64.58707,1063.97815,-452.03082,-104.26758,1028.51709,-464.75873,20.88903,1038.10571,-504.68787,-119.87472,928.84424
2856,23.792,-311.44257,-138.90323,1022.97504,-338.61795,65.39574,1064.7196,-452.12177,-103.96134,1028.52075,-464.75873,20.88903,1038.10571,-504.68787,-119.87472,928.84424
2857,23.8,-311.35815,-138.82196,1023.07068,-338.50528,65.54961,1064.25818,-451.8598,-104.43343,1028.2218,-464.75873,20.88903,1038.10571,-504.63211,-120.10648,928.96375
2858,23.808,-311.384,-138.85976,1022.97571,-339.16061,65.04318,1064.29785,-452.04398,-104.45896,1028.38611,-464.61234,21.09443,1038.01624,-504.68787,-119.87472,928.84424
2859,23.817,-311.46841,-138.94101,1022.88007,-339.16061,65.04318,1064.29785,-452.13492,-104.15277,1028.38977,-464.75873,20.88903,1038.10571,-504.68787,-119.87472,928.84424
2860,23.825,-311.46841,-138.94101,1022.88007,-339.16061,65.04318,1064.29785,-452.04398,-104.45896,1028.38611,-464.75873,20.88903,1038.10571,-504.63211,-120.10648,928.96375
2861,23.833,-311.46841,-138.94101,1022.88007,-339.16061,65.04318,1064.29785,-452.04398,-104.45896,1028.38611,-464.99884,20.83281,1037.97937,-504.63211,-120.10648,928.96375
2862,23.842,-311.50671,-138.92616,1022.59235,-339.16061,65.04318,1064.29785,-452.04398,-104.45896,1028.38611,-465.00525,20.72577,1038.0968,-504.8269,-120.11729,928.89801
2863,23.85,-311.46841,-138.94101,1022.88007,-339.16061,65.04318,1064.29785,-452.13492,-104.15277,1028.38977,-464.75873,20.88903,1038.10571,-504.8269,-120.11729,928.89801
2864,23.858,-311.46841,-138.94101,1022.88007,-339.16061,65.04318,1064.29785,-452.13492,-104.15277,1028.38977,-464.66394,21.13903,1037.86548,-504.8269,-120.11729,928.89801
2865,23.867,-311.50671,-138.92616,1022.59235,-339.16061,65.04318,1064.29785,-452.27243,-104.12753,1028.48718,-464.80396,21.04065,1037.83765,-504.8269,-120.11729,928.89801
2866,23.875,-311.46841,-138.94101,1022.88007,-339.61542,65.05094,1064.57117,-452.27243,-104.12753,1028.48718,-465.00937,20.71746,1037.88098,-504.8269,-120.11729,928.89801
2867,23.883,-311.46841,-138.94101,1022.88007,-340.12476,64.77704,1064.36804,-452.27243,-104.12753,1028.48718,-465.00937,20.71746,1037.88098,-504.8269,-120.11729,928.89801
2868,23.892,-311.56918,-139.11458,1023.0423,-340.12476,64.77704,1064.36804,-452.27243,-104.12753,1028.48718,-465.01575,20.61042,1037.99829,-504.8269,-120.11729,928.89801
2869,23.9,-311.56918,-139.11458,1023.0423,-339.66998,64.76932,1064.09473,-452.27243,-104.12753,1028.48718,-465.00937,20.71746,1037.88098,-504.8269,-120.11729,928.89801
2870,23.908,-311.81259,-139.17809,1023.01056,-339.66998,64.76932,1064.09473,-452.27243,-104.12753,1028.48718,-464.80396,21.04065,1037.83765,-504.90338,-120.32567,928.97821
2871,23.917,-311.81259,-139.17809,1023.01056,-339.66998,64.76932,1064.09473,-452.27243,-104.12753,1028.48718,-464.80396,21.04065,1037.83765,-504.90338,-120.32567,928.97821
2872,23.925,-311.78674,-139.1403,1023.10553,-340.12476,64.77704,1064.36804,-452.27243,-104.12753,1028.48718,-464.79343,21.156,1037.93616,-504.90338,-120.32567,928.97821
2873,23.933,-311.81259,-139.17809,1023.01056,-340.12476,64.77704,1064.36804,-452.27243,-104.12753,1028.48718,-464.80396,21.04065,1037.83765,-504.90338,-120.32567,928.97821
2874,23.942,-311.71185,-139.00452,1022.84833,-340.12476,64.77704,1064.36804,-452.27243,-104.12753,1028.48718,-465.00937,20.71746,1037.88098,-504.90338,-120.32567,928.97821
2875,23.95,-311.81259,-139.17809,1023.01056,-340.12476,64.77704,1064.36804,-452.59247,-104.05614,1028.47095,-465.00937,20.71746,1037.88098,-505.82837,-120.08804,928.88953
2876,23.958,-311.81259,-139.17809,1023.01056,-340.12476,64.77704,1064.36804,-452.59247,-104.05614,1028.47095,-465.38116,20.78838,1037.82898,-505.242,-120.26116,929.00647
2877,23.967,-311.81259,-139.17809,1023.01056,-340.12476,64.77704,1064.36804,-452.27243,-104.12753,1028.48718,-465.00937,20.71746,1037.88098,-504.90338,-120.32567,928.97821
2878,23.975,-311.81259,-139.17809,1023.01056,-340.12476,64.77704,1064.36804,-452.27243,-104.12753,1028.48718,-464.80396,21.04065,1037.83765,-505.242,-120.26116,929.00647
2879,23.983,-311.85089,-139.16324,1022.72278,-340.12476,64.77704,1064.36804,-452.27243,-104.12753,1028.48718,-464.65753,21.24599,1037.74817,-504.90338,-120.32567,928.97821
2880,23.992,-311.85089,-139.16324,1022.72278,-340.12476,64.77704,1064.36804,-452.59247,-104.05614,1028.47095,-464.65753,21.24599,1037.74817,-506.21094,-120.16931,928.98688
2881,24,-311.81259,-139.17809,1023.01056,-340.12476,64.77704,1064.36804,-452.59247,-104.05614,1028.47095,-465.38116,20.78838,1037.82898,-505.68372,-119.87221,928.7489
2882,24.008,-311.75015,-138.98967,1022.56055,-340.12476,64.77704,1064.36804,-452.59247,-104.05614,1028.47095,-465.00937,20.71746,1037.88098,-505.26096,-120.23369,928.78143
2883,24.017,-311.81259,-139.17809,1023.01056,-340.12476,64.77704,1064.36804,-452.27243,-104.12753,1028.48718,-465.00937,20.71746,1037.88098,-505.1019,-120.43256,929.03491
2884,24.025,-311.81259,-139.17809,1023.01056,-340.12476,64.77704,1064.36804,-452.59247,-104.05614,1028.47095,-465.00937,20.71746,1037.88098,-505.36407,-120.15964,928.98303
2885,24.033,-311.81259,-139.17809,1023.01056,-340.12476,64.77704,1064.36804,-452.59247,-104.05614,1028.47095,-465.02951,21.31683,1037.69617,-506.2301,-119.9174,928.71973
2886,24.042,-312.06116,-139.11089,1023.21387,-340.12476,64.77704,1064.36804,-452.59247,-104.05614,1028.47095,-465.25436,20.95402,1037.724,-505.95734,-119.89662,928.62897
2887,24.05,-312.24673,-139.19443,1023.4046,-340.12476,64.77704,1064.36804,-452.59247,-104.05614,1028.47095,-465.17584,21.11152,1037.78564,-506.05264,-120.07745,928.48407
2888,24.058,-312.66949,-139.11703,1023.61749,-340.12476,64.77704,1064.36804,-452.59247,-104.05614,1028.47095,-465.43283,20.93792,1037.96667,-505.73096,-119.97365,928.70172
2889,24.067,-313.17157,-138.98051,1024.03625,-340.12476,64.77704,1064.36804,-452.59247,-104.05614,1028.47095,-465.38116,20.78838,1037.82898,-505.73096,-119.97365,928.70172
2890,24.075,-313.17157,-138.98051,1024.03625,-340.12476,64.77704,1064.36804,-452.6669,-103.76318,1028.63892,-465.38116,20.78838,1037.82898,-505.95734,-119.89662,928.62897
2891,24.083,-313.17157,-138.98051,1024.03625,-340.12476,64.77704,1064.36804,-452.60443,-103.89246,1028.59631,-465.43283,20.93792,1037.96667,-506.129,-120.28583,928.56427
2892,24.092,-313.17157,-138.98051,1024.03625,-340.54736,64.4269,1064.44055,-452.60443,-103.89246,1028.59631,-465.38116,20.78838,1037.82898,-506.21094,-120.16931,928.98688
2893,24.1,-313.17157,-138.98051,1024.03625,-340.54736,64.4269,1064.44055,-452.6669,-103.76318,1028.63892,-465.17584,21.11152,1037.78564,-506.06635,-119.95351,928.84631
2894,24.108,-313.17157,-138.98051,1024.03625,-340.58444,64.30636,1064.76929,-452.6669,-103.76318,1028.63892,-465.22751,21.26106,1037.92334,-506.06635,-119.95351,928.84631
2895,24.117,-313.17157,-138.98051,1024.03625,-340.58444,64.30636,1064.76929,-452.98703,-103.69196,1028.62268,-465.43283,20.93792,1037.96667,-505.95734,-119.89662,928.62897
2896,24.125,-313.17157,-138.98051,1024.03625,-340.58444,64.30636,1064.76929,-453.34055,-103.61485,1028.26123,-465.38116,20.78838,1037.82898,-505.95734,-119.89662,928.62897
2897,24.133,-313.17157,-138.98051,1024.03625,-340.58444,64.30636,1064.76929,-453.15851,-103.58721,1028.44031,-465.43283,20.93792,1037.96667,-506.04135,-119.89471,928.547
2898,24.142,-313.17157,-138.98051,1024.03625,-340.58444,64.30636,1064.76929,-452.80859,-103.65164,1028.42334,-465.38116,20.78838,1037.82898,-505.95734,-119.89662,928.62897
2899,24.15,-313.17157,-138.98051,1024.03625,-340.58444,64.30636,1064.76929,-452.74612,-103.78094,1028.38074,-465.51721,20.94464,1037.47217,-505.95734,-119.89662,928.62897
2900,24.158,-313.17157,-138.98051,1024.03625,-340.58444,64.30636,1064.76929,-453.14651,-103.75092,1028.31494,-465.38116,20.78838,1037.82898,-506.04135,-119.89471,928.547
2901,24.167,-313.17157,-138.98051,1024.03625,-340.58444,64.30636,1064.76929,-453.32852,-103.77853,1028.13586,-465.38116,20.78838,1037.82898,-505.95734,-119.89662,928.62897
2902,24.175,-313.17157,-138.98051,1024.03625,-340.58444,64.30636,1064.76929,-452.82816,-103.92924,1028.22168,-465.38116,20.78838,1037.82898,-506.13663,-120.07554,928.40216
2903,24.183,-313.17157,-138.98051,1024.03625,-340.54736,64.4269,1064.44055,-453.18912,-103.97903,1028.13635,-465.51721,20.94464,1037.47217,-506.13663,-120.07554,928.40216
2904,24.192,-313.17157,-138.98051,1024.03625,-340.54736,64.4269,1064.44055,-453.48404,-103.61349,1028.11633,-465.51721,20.94464,1037.47217,-506.13663,-120.07554,928.40216
2905,24.2,-313.17157,-138.98051,1024.03625,-340.54736,64.4269,1064.44055,-453.48404,-103.61349,1028.11633,-465.51721,20.94464,1037.47217,-506.13663,-120.07554,928.40216
2906,24.208,-313.17157,-138.98051,1024.03625,-340.54736,64.4269,1064.44055,-453.42252,-103.7631,1028.10217,-465.51721,20.94464,1037.47217,-506.13663,-120.07554,928.40216
2907,24.217,-313.01926,-138.90036,1024.11389,-340.54736,64.4269,1064.44055,-453.48404,-103.61349,1028.11633,-465.56888,21.09415,1037.60986,-506.04135,-119.89471,928.547
2908,24.225,-313.17157,-138.98051,1024.03625,-340.54736,64.4269,1064.44055,-453.48404,-103.61349,1028.11633,-465.56888,21.09415,1037.60986,-506.04135,-119.89471,928.547
2909,24.233,-313.3587,-138.8492,1024.06921,-340.54736,64.4269,1064.44055,-453.25153,-103.55154,1028.37817,-465.56888,21.09415,1037.60986,-505.95734,-119.89662,928.62897
2910,24.242,-312.9888,-138.77316,1024.20557,-340.54736,64.4269,1064.44055,-453.49606,-103.44978,1028.2417,-465.56888,21.09415,1037.60986,-506.04135,-119.89471,928.547
2911,24.25,-312.9888,-138.77316,1024.20557,-340.54736,64.4269,1064.44055,-453.40305,-103.4855,1028.30383,-465.56888,21.09415,1037.60986,-506.13663,-120.07554,928.40216
2912,24.258,-313.78592,-138.15623,1024.35486,-340.12476,64.77704,1064.36804,-453.58713,-103.14352,1028.24536,-465.56888,21.09415,1037.60986,-506.04135,-119.89471,928.547
2913,24.267,-313.57538,-138.11079,1024.49097,-340.12476,64.77704,1064.36804,-453.58713,-103.14352,1028.24536,-465.56888,21.09415,1037.60986,-505.95734,-119.89662,928.62897
2914,24.275,-313.88916,-138.12727,1024.54333,-340.54736,64.4269,1064.44055,-453.15851,-103.58721,1028.44031,-465.56888,21.09415,1037.60986,-505.95734,-119.89662,928.62897
2915,24.283,-313.57538,-138.11079,1024.49097,-340.12476,64.77704,1064.36804,-453.49414,-103.17924,1028.3075,-465.56888,21.09415,1037.60986,-505.95734,-119.89662,928.62897
2916,24.292,-313.38165,-137.99713,1024.60388,-340.12476,64.77704,1064.36804,-453.07809,-103.38576,1028.62646,-465.43283,20.93792,1037.96667,-506.03369,-120.10497,928.70911
2917,24.3,-313.57538,-138.11079,1024.49097,-340.12476,64.77704,1064.36804,-452.98703,-103.69196,1028.62268,-465.56888,21.09415,1037.60986,-505.95734,-119.89662,928.62897
2918,24.308,-313.57538,-138.11079,1024.49097,-340.12476,64.77704,1064.36804,-453.15851,-103.58721,1028.44031,-465.56888,21.09415,1037.60986,-506.16501,-120.00709,928.85034
2919,24.317,-313.38165,-137.99713,1024.60388,-340.12476,64.77704,1064.36804,-453.15851,-103.58721,1028.44031,-465.56888,21.09415,1037.60986,-506.03369,-120.10497,928.70911
2920,24.325,-313.38165,-137.99713,1024.60388,-340.12476,64.77704,1064.36804,-452.89871,-103.52047,1028.75513,-465.56888,21.09415,1037.60986,-506.03369,-120.10497,928.70911
2921,24.333,-313.38821,-138.24219,1024.45801,-340.12476,64.77704,1064.36804,-453.16125,-103.10951,1028.57629,-465.56888,21.09415,1037.60986,-506.03369,-120.10497,928.70911
2922,24.342,-313.28497,-138.27112,1024.26953,-340.12476,64.77704,1064.36804,-452.6669,-103.76318,1028.63892,-465.56888,21.09415,1037.60986,-506.21094,-120.16931,928.98688
2923,24.35,-313.38821,-138.24219,1024.45801,-340.12476,64.77704,1064.36804,-452.75793,-103.45699,1028.64258,-465.43283,20.93792,1037.96667,-506.21094,-120.16931,928.98688
2924,24.358,-313.27841,-138.02608,1024.41541,-340.12476,64.77704,1064.36804,-452.6669,-103.76318,1028.63892,-465.56888,21.09415,1037.60986,-506.21094,-120.16931,928.98688
2925,24.367,-313.09125,-138.15749,1024.38245,-340.12476,64.77704,1064.36804,-452.6669,-103.76318,1028.63892,-465.56888,21.09415,1037.60986,-505.80734,-120.182,928.78186
2926,24.375,-313.28497,-138.27112,1024.26953,-340.12476,64.77704,1064.36804,-452.6669,-103.76318,1028.63892,-465.56888,21.09415,1037.60986,-505.80734,-120.182,928.78186
2927,24.383,-313.38165,-137.99713,1024.60388,-340.12476,64.77704,1064.36804,-452.6669,-103.76318,1028.63892,-465.56888,21.09415,1037.60986,-506.21094,-120.16931,928.98688
2928,24.392,-313.19449,-138.12854,1024.57092,-340.12476,64.77704,1064.36804,-452.6669,-103.76318,1028.63892,-465.56888,21.09415,1037.60986,-506.21094,-120.16931,928.98688
2929,24.4,-313.3082,-137.91391,1024.70496,-340.12476,64.77704,1064.36804,-452.57852,-103.59168,1028.77124,-465.56888,21.09415,1037.60986,-506.21094,-120.16931,928.98688
2930,24.408,-313.19449,-138.12854,1024.57092,-340.12476,64.77704,1064.36804,-452.6669,-103.76318,1028.63892,-465.56888,21.09415,1037.60986,-506.21094,-120.16931,928.98688
2931,24.417,-313.12103,-138.04533,1024.672,-340.12476,64.77704,1064.36804,-452.6669,-103.76318,1028.63892,-465.43283,20.93792,1037.96667,-506.21094,-120.16931,928.98688
2932,24.425,-312.82483,-138.54742,1024.60803,-340.12476,64.77704,1064.36804,-452.6669,-103.76318,1028.63892,-465.56888,21.09415,1037.60986,-506.09875,-120.44444,929.18939
2933,24.433,-313.12103,-138.04533,1024.672,-340.12476,64.77704,1064.36804,-452.6669,-103.76318,1028.63892,-465.43283,20.93792,1037.96667,-506.09875,-120.44444,929.18939
2934,24.442,-313.01193,-138.41606,1024.64099,-340.12476,64.77704,1064.36804,-452.6669,-103.76318,1028.63892,-465.43283,20.93792,1037.96667,-506.21094,-120.16931,928.98688
2935,24.45,-312.82483,-138.54742,1024.60803,-340.12476,64.77704,1064.36804,-452.6669,-103.76318,1028.63892,-465.43283,20.93792,1037.96667,-506.05649,-120.26218,929.47046
2936,24.458,-313.08542,-138.49927,1024.53979,-340.12476,64.77704,1064.36804,-452.6669,-103.76318,1028.63892,-465.22751,21.26106,1037.92334,-505.9252,-120.36015,929.32922
2937,24.467,-312.89828,-138.63063,1024.50684,-340.12476,64.77704,1064.36804,-452.6669,-103.76318,1028.63892,-465.43283,20.93792,1037.96667,-506.05649,-120.26218,929.47046
2938,24.475,-312.89828,-138.63063,1024.50684,-340.12476,64.77704,1064.36804,-452.6669,-103.76318,1028.63892,-465.43283,20.93792,1037.96667,-506.05649,-120.26218,929.47046
2939,24.483,-313.09198,-138.74426,1024.39392,-340.12476,64.77704,1064.36804,-452.6669,-103.76318,1028.63892,-465.43283,20.93792,1037.96667,-505.9252,-120.36015,929.32922
2940,24.492,-313.09198,-138.74426,1024.39392,-340.12476,64.77704,1064.36804,-452.6669,-103.76318,1028.63892,-465.43283,20.93792,1037.96667,-506.46451,-120.07093,929.19928
2941,24.5,-312.7951,-138.65955,1024.31848,-340.1619,64.65656,1064.69666,-452.6669,-103.76318,1028.63892,-465.43283,20.93792,1037.96667,-506.00064,-120.49389,929.5899
2942,24.508,-313.09198,-138.74426,1024.39392,-340.12476,64.77704,1064.36804,-452.6669,-103.76318,1028.63892,-465.43283,20.93792,1037.96667,-505.86935,-120.59186,929.44873
2943,24.517,-312.9888,-138.77316,1024.20557,-340.58444,64.30636,1064.76929,-452.6669,-103.76318,1028.63892,-465.43283,20.93792,1037.96667,-505.9252,-120.36015,929.32922
2944,24.525,-313.01926,-138.90036,1024.11389,-340.05331,64.56113,1065.04114,-452.6669,-103.76318,1028.63892,-465.43283,20.93792,1037.96667,-505.9252,-120.36015,929.32922
2945,24.533,-313.01926,-138.90036,1024.11389,-340.58444,64.30636,1064.76929,-452.6669,-103.76318,1028.63892,-465.061,20.867,1038.01868,-505.9252,-120.36015,929.32922
2946,24.542,-313.01926,-138.90036,1024.11389,-340.05331,64.56113,1065.04114,-452.6669,-103.76318,1028.63892,-465.43283,20.93792,1037.96667,-505.9252,-120.36015,929.32922
2947,24.55,-313.01926,-138.90036,1024.11389,-340.05331,64.56113,1065.04114,-452.98703,-103.69196,1028.62268,-465.43283,20.93792,1037.96667,-505.9252,-120.36015,929.32922
2948,24.558,-312.76791,-139.2881,1024.28174,-340.05331,64.56113,1065.04114,-452.98703,-103.69196,1028.62268,-465.38116,20.78838,1037.82898,-506.05649,-120.26218,929.47046
2949,24.567,-313.20157,-139.28801,1024.53455,-340.05331,64.56113,1065.04114,-452.98703,-103.69196,1028.62268,-465.38116,20.78838,1037.82898,-505.9252,-120.36015,929.32922
2950,24.575,-313.08154,-139.3047,1024.33411,-340.05331,64.56113,1065.04114,-452.98703,-103.69196,1028.62268,-465.17584,21.11152,1037.78564,-506.05649,-120.26218,929.47046
2951,24.583,-312.76791,-139.2881,1024.28174,-339.75861,64.40477,1065.24695,-452.98703,-103.69196,1028.62268,-465.21701,21.37642,1038.02185,-506.05649,-120.26218,929.47046
2952,24.592,-313.20157,-139.28801,1024.53455,-339.75861,64.40477,1065.24695,-452.98703,-103.69196,1028.62268,-465.43283,20.93792,1037.96667,-506.05649,-120.26218,929.47046
2953,24.6,-313.263,-139.39093,1024.255,-339.75861,64.40477,1065.24695,-452.98703,-103.69196,1028.62268,-465.38116,20.78838,1037.82898,-506.05649,-120.26218,929.47046
2954,24.608,-313.263,-139.39093,1024.255,-339.75861,64.40477,1065.24695,-452.98703,-103.69196,1028.62268,-465.38116,20.78838,1037.82898,-506.00064,-120.49389,929.5899
2955,24.617,-313.38303,-139.37425,1024.45544,-339.75861,64.40477,1065.24695,-452.6669,-103.76318,1028.63892,-465.38116,20.78838,1037.82898,-506.05649,-120.26218,929.47046
2956,24.625,-313.20157,-139.28801,1024.53455,-339.75861,64.40477,1065.24695,-452.98703,-103.69196,1028.62268,-465.38116,20.78838,1037.82898,-506.05649,-120.26218,929.47046
2957,24.633,-313.38303,-139.37425,1024.45544,-339.75861,64.40477,1065.24695,-452.98703,-103.69196,1028.62268,-465.061,20.867,1038.01868,-506.05649,-120.26218,929.47046
2958,24.642,-313.38303,-139.37425,1024.45544,-339.75861,64.40477,1065.24695,-452.98703,-103.69196,1028.62268,-465.38116,20.78838,1037.82898,-506.05649,-120.26218,929.47046
2959,24.65,-313.38303,-139.37425,1024.45544,-339.75861,64.40477,1065.24695,-452.98703,-103.69196,1028.62268,-465.38116,20.78838,1037.82898,-506.32471,-120.14346,929.31116
2960,24.658,-313.38303,-139.37425,1024.45544,-339.75861,64.40477,1065.24695,-452.98703,-103.69196,1028.62268,-465.38116,20.78838,1037.82898,-506.32471,-120.14346,929.31116
2961,24.667,-313.263,-139.39093,1024.255,-339.75861,64.40477,1065.24695,-452.98703,-103.69196,1028.62268,-465.38116,20.78838,1037.82898,-506.32471,-120.14346,929.31116
2962,24.675,-313.263,-139.39093,1024.255,-339.75861,64.40477,1065.24695,-452.98703,-103.69196,1028.62268,-465.38116,20.78838,1037.82898,-506.00064,-120.49389,929.5899
2963,24.683,-313.38303,-139.37425,1024.45544,-339.75861,64.40477,1065.24695,-452.98703,-103.69196,1028.62268,-465.38116,20.78838,1037.82898,-506.13754,-120.4732,929.28937
2964,24.692,-313.263,-139.39093,1024.255,-339.75861,64.40477,1065.24695,-452.98703,-103.69196,1028.62268,-465.38116,20.78838,1037.82898,-506.19342,-120.24146,929.16992
2965,24.7,-313.263,-139.39093,1024.255,-339.75861,64.40477,1065.24695,-452.98703,-103.69196,1028.62268,-465.38116,20.78838,1037.82898,-506.19342,-120.24146,929.16992
2966,24.708,-313.14444,-139.55402,1024.15649,-339.75861,64.40477,1065.24695,-452.92456,-103.82127,1028.58008,-465.00937,20.71746,1037.88098,-505.95264,-120.41918,929.03516
2967,24.717,-313.14444,-139.55402,1024.15649,-339.75861,64.40477,1065.24695,-452.98703,-103.69196,1028.62268,-465.38116,20.78838,1037.82898,-506.10379,-120.36826,928.77075
2968,24.725,-313.263,-139.39093,1024.255,-339.11414,63.58447,1064.83691,-452.91257,-103.98495,1028.45471,-465.38116,20.78838,1037.82898,-506.129,-120.28583,928.56427
2969,24.733,-313.263,-139.39093,1024.255,-339.65024,64.30954,1065.59155,-453.14789,-103.88273,1028.3125,-465.51721,20.94464,1037.47217,-506.29608,-120.32455,928.76733
2970,24.742,-313.263,-139.39093,1024.255,-339.00574,63.48922,1065.18164,-453.32852,-103.77853,1028.13586,-465.51721,20.94464,1037.47217,-506.20084,-120.1437,928.91217
2971,24.75,-313.14444,-139.55402,1024.15649,-339.00574,63.48922,1065.18164,-452.91257,-103.98495,1028.45471,-465.51721,20.94464,1037.47217,-506.03369,-120.10497,928.70911
2972,24.758,-313.14444,-139.55402,1024.15649,-339.00574,63.48922,1065.18164,-452.91257,-103.98495,1028.45471,-465.51721,20.94464,1037.47217,-506.129,-120.28583,928.56427
2973,24.767,-313.14444,-139.55402,1024.15649,-339.00574,63.48922,1065.18164,-453.14789,-103.88273,1028.3125,-465.38116,20.78838,1037.82898,-506.03369,-120.10497,928.70911
2974,24.775,-313.14444,-139.55402,1024.15649,-339.00574,63.48922,1065.18164,-453.15991,-103.71904,1028.43787,-465.38116,20.78838,1037.82898,-505.97787,-120.33681,928.82861
2975,24.783,-313.14444,-139.55402,1024.15649,-339.00574,63.48922,1065.18164,-452.91257,-103.98495,1028.45471,-465.38116,20.78838,1037.82898,-505.97787,-120.33681,928.82861
2976,24.792,-313.2175,-139.7113,1024.33484,-339.00574,63.48922,1065.18164,-452.91257,-103.98495,1028.45471,-465.38116,20.78838,1037.82898,-506.07318,-120.51766,928.68378
2977,24.8,-313.2175,-139.7113,1024.33484,-339.10855,63.22518,1065.76208,-452.92456,-103.82127,1028.58008,-465.38116,20.78838,1037.82898,-506.03369,-120.10497,928.70911
2978,24.808,-313.2175,-139.7113,1024.33484,-339.10855,63.22518,1065.76208,-452.92456,-103.82127,1028.58008,-465.00937,20.71746,1037.88098,-506.16501,-120.00709,928.85034
2979,24.817,-313.2175,-139.7113,1024.33484,-339.10855,63.22518,1065.76208,-453.22238,-103.58971,1028.48047,-465.38116,20.78838,1037.82898,-506.03369,-120.10497,928.70911
2980,24.825,-313.33749,-139.69461,1024.53528,-339.10855,63.22518,1065.76208,-453.22238,-103.58971,1028.48047,-465.38116,20.78838,1037.82898,-505.97787,-120.33681,928.82861
2981,24.833,-313.33749,-139.69461,1024.53528,-339.10855,63.22518,1065.76208,-453.40305,-103.4855,1028.30383,-465.38116,20.78838,1037.82898,-506.27628,-120.27755,929.17291
2982,24.842,-313.14444,-139.55402,1024.15649,-339.10855,63.22518,1065.76208,-452.98703,-103.69196,1028.62268,-465.51721,20.94464,1037.47217,-505.97787,-120.33681,928.82861
2983,24.85,-313.14444,-139.55402,1024.15649,-339.10855,63.22518,1065.76208,-452.92456,-103.82127,1028.58008,-465.00937,20.71746,1037.88098,-506.07318,-120.51766,928.68378
2984,24.858,-313.14444,-139.55402,1024.15649,-339.10855,63.22518,1065.76208,-452.98703,-103.69196,1028.62268,-465.00937,20.71746,1037.88098,-506.00848,-120.18739,928.91565
2985,24.867,-313.14444,-139.55402,1024.15649,-339.10855,63.22518,1065.76208,-452.98703,-103.69196,1028.62268,-464.80396,21.04065,1037.83765,-506.21094,-120.16931,928.98688
2986,24.875,-313.14444,-139.55402,1024.15649,-339.10855,63.22518,1065.76208,-452.98703,-103.69196,1028.62268,-464.80396,21.04065,1037.83765,-506.09875,-120.44444,929.18939
2987,24.883,-313.14444,-139.55402,1024.15649,-339.10855,63.22518,1065.76208,-452.60443,-103.89246,1028.59631,-465.00937,20.71746,1037.88098,-506.00848,-120.18739,928.91565
2988,24.892,-313.14444,-139.55402,1024.15649,-339.10855,63.22518,1065.76208,-452.60443,-103.89246,1028.59631,-465.00937,20.71746,1037.88098,-506.21094,-120.16931,928.98688
2989,24.9,-313.14444,-139.55402,1024.15649,-339.10855,63.22518,1065.76208,-452.6669,-103.76318,1028.63892,-465.00937,20.71746,1037.88098,-506.09875,-120.44444,929.18939
2990,24.908,-313.14444,-139.55402,1024.15649,-339.10855,63.22518,1065.76208,-452.6669,-103.76318,1028.63892,-465.00937,20.71746,1037.88098,-505.86935,-120.59186,929.44873
2991,24.917,-313.14444,-139.55402,1024.15649,-339.10855,63.22518,1065.76208,-452.60443,-103.89246,1028.59631,-465.00937,20.71746,1037.88098,-506.09875,-120.44444,929.18939
2992,24.925,-313.14444,-139.55402,1024.15649,-339.10855,63.22518,1065.76208,-452.60443,-103.89246,1028.59631,-465.00937,20.71746,1037.88098,-506.09875,-120.44444,929.18939
2993,24.933,-313.14444,-139.55402,1024.15649,-339.10855,63.22518,1065.76208,-452.6669,-103.76318,1028.63892,-464.79343,21.156,1037.93616,-506.09875,-120.44444,929.18939
2994,24.942,-313.14444,-139.55402,1024.15649,-339.10855,63.22518,1065.76208,-452.60443,-103.89246,1028.59631,-464.65753,21.24599,1037.74817,-505.51596,-120.50188,929.32391
2995,24.95,-313.14444,-139.55402,1024.15649,-339.10855,63.22518,1065.76208,-452.6669,-103.76318,1028.63892,-464.65344,21.25438,1037.96399,-506.00064,-120.49389,929.5899
2996,24.958,-313.14444,-139.55402,1024.15649,-339.00574,63.48922,1065.18164,-452.6669,-103.76318,1028.63892,-465.00525,20.72577,1038.0968,-506.00064,-120.49389,929.5899
2997,24.967,-313.14444,-139.55402,1024.15649,-339.00574,63.48922,1065.18164,-452.6669,-103.76318,1028.63892,-464.99884,20.83281,1037.97937,-506.00064,-120.49389,929.5899
2998,24.975,-313.14444,-139.55402,1024.15649,-339.10855,63.22518,1065.76208,-452.60443,-103.89246,1028.59631,-464.99884,20.83281,1037.97937,-506.00064,-120.49389,929.5899
2999,24.983,-312.80167,-139.53131,1024.10571,-339.10855,63.22518,1065.76208,-452.6669,-103.76318,1028.63892,-464.64703,21.36134,1037.84656,-506.00064,-120.49389,929.5899
3000,24.992,-312.80167,-139.53131,1024.10571,-339.21692,63.32054,1065.41748,-452.51605,-103.72096,1028.72864,-464.65344,21.25438,1037.96399,-506.00064,-120.49389,929.5899
3001,25,-312.80167,-139.53131,1024.10571,-339.10855,63.22518,1065.76208,-452.60443,-103.89246,1028.59631,-464.60593,21.2014,1037.89893,-506.00064,-120.49389,929.5899
3002,25.008,-312.80167,-139.53131,1024.10571,-339.11414,63.58447,1064.83691,-452.60443,-103.89246,1028.59631,-464.65753,21.24599,1037.74817,-505.86935,-120.59186,929.44873
3003,25.017,-313.14444,-139.55402,1024.15649,-339.21692,63.32054,1065.41748,-452.60443,-103.89246,1028.59631,-464.79343,21.156,1037.93616,-505.86935,-120.59186,929.44873
3004,25.025,-312.80167,-139.53131,1024.10571,-339.11414,63.58447,1064.83691,-452.60443,-103.89246,1028.59631,-464.75235,20.99604,1037.9884,-506.00064,-120.49389,929.5899
3005,25.033,-312.80167,-139.53131,1024.10571,-339.21692,63.32054,1065.41748,-452.60443,-103.89246,1028.59631,-464.79984,21.049,1038.05347,-505.86935,-120.59186,929.44873
3006,25.042,-312.80167,-139.53131,1024.10571,-339.21692,63.32054,1065.41748,-452.60443,-103.89246,1028.59631,-464.64703,21.36134,1037.84656,-505.86935,-120.59186,929.44873
3007,25.05,-312.80167,-139.53131,1024.10571,-339.11414,63.58447,1064.83691,-452.60443,-103.89246,1028.59631,-464.66394,21.13903,1037.86548,-505.9252,-120.36015,929.32922
3008,25.058,-312.80167,-139.53131,1024.10571,-339.11414,63.58447,1064.83691,-452.60443,-103.89246,1028.59631,-464.64703,21.36134,1037.84656,-505.9252,-120.36015,929.32922
3009,25.067,-312.80167,-139.53131,1024.10571,-339.11414,63.58447,1064.83691,-452.60443,-103.89246,1028.59631,-464.60593,21.2014,1037.89893,-505.9252,-120.36015,929.32922
3010,25.075,-312.80167,-139.53131,1024.10571,-339.11414,63.58447,1064.83691,-452.60443,-103.89246,1028.59631,-464.64703,21.36134,1037.84656,-506.09875,-120.44444,929.18939
3011,25.083,-312.80167,-139.53131,1024.10571,-339.11414,63.58447,1064.83691,-452.60443,-103.89246,1028.59631,-464.79343,21.156,1037.93616,-505.86935,-120.59186,929.44873
3012,25.092,-312.80167,-139.53131,1024.10571,-339.11414,63.58447,1064.83691,-452.60443,-103.89246,1028.59631,-465.00937,20.71746,1037.88098,-505.9252,-120.36015,929.32922
3013,25.1,-312.80167,-139.53131,1024.10571,-339.11414,63.58447,1064.83691,-452.60443,-103.89246,1028.59631,-464.64703,21.36134,1037.84656,-505.86935,-120.59186,929.44873
3014,25.108,-312.80167,-139.53131,1024.10571,-339.11414,63.58447,1064.83691,-452.60443,-103.89246,1028.59631,-464.64703,21.36134,1037.84656,-506.09875,-120.44444,929.18939
3015,25.117,-312.80167,-139.53131,1024.10571,-339.11414,63.58447,1064.83691,-452.60443,-103.89246,1028.59631,-464.65344,21.25438,1037.96399,-505.86935,-120.59186,929.44873
3016,25.125,-312.80167,-139.53131,1024.10571,-339.11414,63.58447,1064.83691,-452.60443,-103.89246,1028.59631,-464.65753,21.24599,1037.74817,-505.9252,-120.36015,929.32922
3017,25.133,-312.80167,-139.53131,1024.10571,-339.11414,63.58447,1064.83691,-452.60443,-103.89246,1028.59631,-464.80396,21.04065,1037.83765,-505.9252,-120.36015,929.32922
3018,25.142,-312.80167,-139.53131,1024.10571,-339.11414,63.58447,1064.83691,-452.60443,-103.89246,1028.59631,-465.00937,20.71746,1037.88098,-505.86935,-120.59186,929.44873
3019,25.15,-312.80167,-139.53131,1024.10571,-339.11414,63.58447,1064.83691,-452.60443,-103.89246,1028.59631,-464.80396,21.04065,1037.83765,-505.4986,-120.67629,929.45532
3020,25.158,-312.80167,-139.53131,1024.10571,-339.75861,64.40477,1065.24695,-452.60443,-103.89246,1028.59631,-464.65753,21.24599,1037.74817,-506.09875,-120.44444,929.18939
3021,25.167,-312.80167,-139.53131,1024.10571,-339.75861,64.40477,1065.24695,-452.60443,-103.89246,1028.59631,-464.65753,21.24599,1037.74817,-506.21094,-120.16931,928.98688
3022,25.175,-312.80167,-139.53131,1024.10571,-339.75861,64.40477,1065.24695,-452.60443,-103.89246,1028.59631,-464.65753,21.24599,1037.74817,-506.21094,-120.16931,928.98688
3023,25.183,-312.80167,-139.53131,1024.10571,-339.75861,64.40477,1065.24695,-452.60443,-103.89246,1028.59631,-464.65753,21.24599,1037.74817,-506.00848,-120.18739,928.91565
3024,25.192,-312.80167,-139.53131,1024.10571,-339.75861,64.40477,1065.24695,-452.60443,-103.89246,1028.59631,-464.65753,21.24599,1037.74817,-506.21094,-120.16931,928.98688
3025,25.2,-312.80167,-139.53131,1024.10571,-339.75861,64.40477,1065.24695,-452.59247,-104.05614,1028.47095,-465.00937,20.71746,1037.88098,-506.21094,-120.16931,928.98688
3026,25.208,-312.80167,-139.53131,1024.10571,-339.75861,64.40477,1065.24695,-452.59247,-104.05614,1028.47095,-465.04376,20.82844,1037.60608,-506.129,-120.28583,928.56427
3027,25.217,-313.14444,-139.55402,1024.15649,-339.75861,64.40477,1065.24695,-452.59247,-104.05614,1028.47095,-465.04376,20.82844,1037.60608,-506.129,-120.28583,928.56427
3028,25.225,-312.80167,-139.53131,1024.10571,-339.75861,64.40477,1065.24695,-452.59247,-104.05614,1028.47095,-464.69196,21.357,1037.47314,-506.03369,-120.10497,928.70911
3029,25.233,-312.80167,-139.53131,1024.10571,-339.75861,64.40477,1065.24695,-452.59247,-104.05614,1028.47095,-464.72183,21.20499,1037.39282,-506.03369,-120.10497,928.70911
3030,25.242,-313.14444,-139.55402,1024.15649,-339.75861,64.40477,1065.24695,-452.59247,-104.05614,1028.47095,-464.72183,21.20499,1037.39282,-506.11768,-120.10306,928.6272
3031,25.25,-312.80167,-139.53131,1024.10571,-339.75861,64.40477,1065.24695,-453.36002,-103.89242,1028.05957,-465.51721,20.94464,1037.47217,-506.21295,-120.28391,928.48236
3032,25.258,-312.80167,-139.53131,1024.10571,-340.05331,64.56113,1065.04114,-453.32852,-103.77853,1028.13586,-465.51721,20.94464,1037.47217,-506.21295,-120.28391,928.48236
3033,25.267,-312.80167,-139.53131,1024.10571,-340.58444,64.30636,1064.76929,-453.08405,-103.88022,1028.27234,-465.51721,20.94464,1037.47217,-506.21295,-120.28391,928.48236
3034,25.275,-312.80167,-139.53131,1024.10571,-340.58444,64.30636,1064.76929,-452.73416,-103.9446,1028.25537,-465.51721,20.94464,1037.47217,-506.21295,-120.28391,928.48236
3035,25.283,-313.14444,-139.55402,1024.15649,-340.58444,64.30636,1064.76929,-452.76569,-104.05851,1028.17908,-464.94678,20.8421,1037.42078,-506.21295,-120.28391,928.48236
3036,25.292,-313.14444,-139.55402,1024.15649,-340.05331,64.56113,1065.04114,-452.73416,-103.9446,1028.25537,-465.16559,21.47313,1037.33923,-506.21295,-120.28391,928.48236
3037,25.3,-312.80167,-139.53131,1024.10571,-340.05331,64.56113,1065.04114,-453.08405,-103.88022,1028.27234,-465.51721,20.94464,1037.47217,-506.21295,-120.28391,928.48236
3038,25.308,-312.80167,-139.53131,1024.10571,-340.58444,64.30636,1064.76929,-452.76569,-104.05851,1028.17908,-465.51721,20.94464,1037.47217,-506.21295,-120.28391,928.48236
3039,25.317,-312.80167,-139.53131,1024.10571,-340.58444,64.30636,1064.76929,-453.14651,-103.75092,1028.31494,-465.04376,20.82844,1037.60608,-506.21295,-120.28391,928.48236
3040,25.325,-313.39581,-139.16626,1023.98865,-340.54736,64.4269,1064.44055,-453.14651,-103.75092,1028.31494,-465.51721,20.94464,1037.47217,-506.21295,-120.28391,928.48236
3041,25.333,-313.05298,-139.1436,1023.93781,-340.58444,64.30636,1064.76929,-452.73416,-103.9446,1028.25537,-465.04376,20.82844,1037.60608,-506.21295,-120.28391,928.48236
3042,25.342,-313.05298,-139.1436,1023.93781,-340.12476,64.77704,1064.36804,-453.08405,-103.88022,1028.27234,-465.51721,20.94464,1037.47217,-506.11768,-120.10306,928.6272
3043,25.35,-313.05298,-139.1436,1023.93781,-340.12476,64.77704,1064.36804,-452.73416,-103.9446,1028.25537,-464.69196,21.357,1037.47314,-506.03369,-120.10497,928.70911
3044,25.358,-313.05298,-139.1436,1023.93781,-340.12476,64.77704,1064.36804,-453.09604,-103.71654,1028.39771,-465.16559,21.47313,1037.33923,-506.11768,-120.10306,928.6272
3045,25.367,-313.05298,-139.1436,1023.93781,-340.12476,64.77704,1064.36804,-453.15851,-103.58721,1028.44031,-465.04376,20.82844,1037.60608,-506.24899,-120.00518,928.76843
3046,25.375,-313.05298,-139.1436,1023.93781,-340.12476,64.77704,1064.36804,-453.14651,-103.75092,1028.31494,-465.51721,20.94464,1037.47217,-506.34427,-120.18603,928.6236
3047,25.383,-313.05298,-139.1436,1023.93781,-339.66998,64.76932,1064.09473,-453.34055,-103.61485,1028.26123,-465.5415,21.11991,1037.27478,-506.34427,-120.18603,928.6236
3048,25.392,-313.21347,-138.98729,1023.71729,-340.12476,64.77704,1064.36804,-452.74612,-103.78094,1028.38074,-465.5415,21.11991,1037.27478,-506.24899,-120.00518,928.76843
3049,25.4,-313.18762,-138.94949,1023.81219,-340.12476,64.77704,1064.36804,-452.80859,-103.65164,1028.42334,-464.71622,21.5322,1037.27576,-506.24899,-120.00518,928.76843
3050,25.408,-313.18762,-138.94949,1023.81219,-340.12476,64.77704,1064.36804,-452.80859,-103.65164,1028.42334,-464.71622,21.5322,1037.27576,-506.24899,-120.00518,928.76843
3051,25.417,-313.18762,-138.94949,1023.81219,-339.66998,64.76932,1064.09473,-452.80859,-103.65164,1028.42334,-465.18985,21.64837,1037.14185,-506.24899,-120.00518,928.76843
3052,25.425,-313.30621,-138.78642,1023.91064,-339.66998,64.76932,1064.09473,-453.15851,-103.58721,1028.44031,-465.18985,21.64837,1037.14185,-506.24899,-120.00518,928.76843
3053,25.433,-313.1207,-138.70279,1023.71979,-339.66998,64.76932,1064.09473,-453.40305,-103.4855,1028.30383,-465.33618,21.44305,1037.23145,-506.24899,-120.00518,928.76843
3054,25.442,-313.30621,-138.78642,1023.91064,-340.12476,64.77704,1064.36804,-453.15851,-103.58721,1028.44031,-465.5415,21.11991,1037.27478,-506.24899,-120.00518,928.76843
3055,25.45,-313.30621,-138.78642,1023.91064,-340.12476,64.77704,1064.36804,-452.80859,-103.65164,1028.42334,-465.5415,21.11991,1037.27478,-506.24899,-120.00518,928.76843
3056,25.458,-313.30621,-138.78642,1023.91064,-340.12476,64.77704,1064.36804,-452.89963,-103.34543,1028.427,-465.5415,21.11991,1037.27478,-506.24899,-120.00518,928.76843
3057,25.467,-313.00214,-138.86586,1023.6214,-339.66998,64.76932,1064.09473,-452.6669,-103.76318,1028.63892,-464.71622,21.5322,1037.27576,-506.33212,-120.04575,929.05341
3058,25.475,-313.30621,-138.78642,1023.91064,-340.12476,64.77704,1064.36804,-452.57852,-103.59168,1028.77124,-464.71622,21.5322,1037.27576,-506.32471,-120.14346,929.31116
3059,25.483,-313.30621,-138.78642,1023.91064,-339.66998,64.76932,1064.09473,-452.6669,-103.76318,1028.63892,-465.18985,21.64837,1037.14185,-506.32471,-120.14346,929.31116
3060,25.492,-313.1207,-138.70279,1023.71979,-339.66998,64.76932,1064.09473,-452.75793,-103.45699,1028.64258,-465.33618,21.44305,1037.23145,-506.24899,-120.00518,928.76843
3061,25.5,-313.30621,-138.78642,1023.91064,-339.66998,64.76932,1064.09473,-452.98703,-103.69196,1028.62268,-465.5415,21.11991,1037.27478,-506.24899,-120.00518,928.76843
3062,25.508,-313.1207,-138.70279,1023.71979,-340.12476,64.77704,1064.36804,-453.07809,-103.38576,1028.62646,-465.5415,21.11991,1037.27478,-506.24899,-120.00518,928.76843
3063,25.517,-313.30621,-138.78642,1023.91064,-339.66998,64.76932,1064.09473,-453.07809,-103.38576,1028.62646,-465.18985,21.64837,1037.14185,-506.41611,-120.04385,928.97156
3064,25.525,-313.1207,-138.70279,1023.71979,-340.12476,64.77704,1064.36804,-452.89963,-103.34543,1028.427,-465.18985,21.64837,1037.14185,-506.41611,-120.04385,928.97156
3065,25.533,-313.1207,-138.70279,1023.71979,-339.66998,64.76932,1064.09473,-452.75793,-103.45699,1028.64258,-465.18985,21.64837,1037.14185,-506.41611,-120.04385,928.97156
3066,25.542,-313.1207,-138.70279,1023.71979,-339.96185,64.88606,1063.68408,-452.75793,-103.45699,1028.64258,-465.16132,21.61752,1036.95984,-506.41611,-120.04385,928.97156
3067,25.55,-313.1207,-138.70279,1023.71979,-339.96185,64.88606,1063.68408,-453.08005,-103.65632,1028.56067,-465.18985,21.64837,1037.14185,-506.43506,-120.01636,928.74652
3068,25.558,-312.93506,-138.61931,1023.52911,-339.96185,64.88606,1063.68408,-453.25153,-103.55154,1028.37817,-465.28796,21.6865,1037.07837,-506.34427,-120.18603,928.6236
3069,25.567,-312.73703,-138.67636,1023.39954,-339.96185,64.88606,1063.68408,-453.24957,-103.28098,1028.44397,-465.41467,21.28556,1037.1698,-506.43506,-120.01636,928.74652
3070,25.575,-312.84094,-138.72807,1023.30365,-339.96185,64.88606,1063.68408,-453.17111,-103.35011,1028.56433,-465.32272,21.33765,1036.9353,-506.26794,-119.97766,928.54346
3071,25.583,-312.85336,-138.67548,1023.11078,-339.96185,64.88606,1063.68408,-452.99265,-103.30978,1028.36487,-465.25381,21.6811,1036.81934,-506.26794,-119.97766,928.54346
3072,25.592,-312.87921,-138.71327,1023.01587,-339.96185,64.88606,1063.68408,-453.03299,-103.22846,1028.34814,-465.3519,21.71923,1036.75586,-506.17267,-119.79684,928.68829
3073,25.6,-312.63824,-138.78435,1023.17413,-339.96185,64.88606,1063.68408,-453.58713,-103.14352,1028.24536,-465.25381,21.6811,1036.81934,-506.17267,-119.79684,928.68829
3074,25.608,-312.93585,-138.50523,1022.89117,-339.96185,64.88606,1063.68408,-453.58713,-103.14352,1028.24536,-465.3519,21.71923,1036.75586,-506.26794,-119.97766,928.54346
3075,25.617,-312.6124,-138.74657,1023.26904,-339.96185,64.88606,1063.68408,-453.58713,-103.14352,1028.24536,-465.51331,21.43937,1036.73132,-506.26794,-119.97766,928.54346
3076,25.625,-312.99915,-138.6423,1023.14642,-339.96185,64.88606,1063.68408,-453.58713,-103.14352,1028.24536,-465.51331,21.43937,1036.73132,-506.26794,-119.97766,928.54346
3077,25.633,-313.1207,-138.70279,1023.71979,-340.41663,64.89378,1063.95752,-453.58713,-103.14352,1028.24536,-465.25381,21.6811,1036.81934,-506.26794,-119.97766,928.54346
3078,25.642,-313.1207,-138.70279,1023.71979,-339.96185,64.88606,1063.68408,-453.58713,-103.14352,1028.24536,-465.3519,21.71923,1036.75586,-506.26794,-119.97766,928.54346
3079,25.65,-313.1207,-138.70279,1023.71979,-340.41663,64.89378,1063.95752,-453.34259,-103.2453,1028.38184,-465.2594,21.65564,1036.89636,-506.17267,-119.79684,928.68829
3080,25.658,-312.93506,-138.61931,1023.52911,-340.41663,64.89378,1063.95752,-453.20447,-103.12364,1028.16565,-465.16132,21.61752,1036.95984,-506.17267,-119.79684,928.68829
3081,25.667,-313.1207,-138.70279,1023.71979,-340.12476,64.77704,1064.36804,-453.34259,-103.2453,1028.38184,-465.2594,21.65564,1036.89636,-506.26794,-119.97766,928.54346
3082,25.675,-313.1207,-138.70279,1023.71979,-340.41663,64.89378,1063.95752,-453.58713,-103.14352,1028.24536,-465.16132,21.61752,1036.95984,-506.26794,-119.97766,928.54346
3083,25.683,-313.30621,-138.78642,1023.91064,-340.41663,64.89378,1063.95752,-453.58713,-103.14352,1028.24536,-465.51276,21.3237,1037.10632,-506.26794,-119.97766,928.54346
3084,25.692,-313.1207,-138.70279,1023.71979,-340.41663,64.89378,1063.95752,-453.58713,-103.14352,1028.24536,-465.51331,21.43937,1036.73132,-506.26794,-119.97766,928.54346
3085,25.7,-312.93506,-138.61931,1023.52911,-340.41663,64.89378,1063.95752,-453.57892,-103.05991,1028.02234,-465.3519,21.71923,1036.75586,-506.26794,-119.97766,928.54346
3086,25.708,-313.00214,-138.86586,1023.6214,-340.41663,64.89378,1063.95752,-453.44083,-102.93822,1027.80615,-465.3519,21.71923,1036.75586,-506.26794,-119.97766,928.54346
3087,25.717,-313.33206,-138.82422,1023.81573,-340.41663,64.89378,1063.95752,-453.44083,-102.93822,1027.80615,-465.3519,21.71923,1036.75586,-506.26794,-119.97766,928.54346
3088,25.725,-313.02798,-138.90366,1023.52649,-340.41663,64.89378,1063.95752,-453.5751,-103.30727,1028.12,-465.3519,21.71923,1036.75586,-506.26794,-119.97766,928.54346
3089,25.733,-312.96091,-138.6571,1023.4342,-339.96185,64.88606,1063.68408,-453.56689,-103.22363,1027.89697,-465.51331,21.43937,1036.73132,-506.26794,-119.97766,928.54346
3090,25.742,-313.02798,-138.90366,1023.52649,-340.41663,64.89378,1063.95752,-453.57892,-103.05991,1028.02234,-465.41522,21.40124,1036.7948,-506.26794,-119.97766,928.54346
3091,25.75,-313.6026,-138.83643,1023.21576,-339.96185,64.88606,1063.68408,-453.59839,-103.33752,1027.82068,-465.51331,21.43937,1036.73132,-506.26794,-119.97766,928.54346
3092,25.758,-313.20743,-138.444,1022.81641,-339.96185,64.88606,1063.68408,-453.59839,-103.33752,1027.82068,-465.27783,21.58064,1036.57043,-506.26794,-119.97766,928.54346
3093,25.767,-312.96091,-138.6571,1023.4342,-339.96185,64.88606,1063.68408,-453.61041,-103.17381,1027.94617,-465.38174,21.56722,1036.67554,-506.26794,-119.97766,928.54346
3094,25.775,-313.28909,-138.38785,1023.23486,-339.96185,64.88606,1063.68408,-453.46027,-103.21584,1027.60449,-465.38174,21.56722,1036.67554,-506.26794,-119.97766,928.54346
3095,25.783,-313.03583,-138.74501,1023.26202,-339.96185,64.88606,1063.68408,-453.59839,-103.33752,1027.82068,-465.38174,21.56722,1036.67554,-506.26794,-119.97766,928.54346
3096,25.792,-312.83783,-138.80205,1023.13239,-339.96185,64.88606,1063.68408,-453.57892,-103.05991,1028.02234,-465.51331,21.43937,1036.73132,-506.26794,-119.97766,928.54346
3097,25.8,-312.67651,-138.76952,1022.88629,-339.96185,64.88606,1063.68408,-453.57892,-103.05991,1028.02234,-465.50717,21.34918,1037.0293,-506.26794,-119.97766,928.54346
3098,25.808,-312.96091,-138.6571,1023.4342,-339.96185,64.88606,1063.68408,-453.57892,-103.05991,1028.02234,-465.4202,21.4952,1036.62012,-506.26794,-119.97766,928.54346
3099,25.817,-312.63824,-138.78435,1023.17413,-339.96185,64.88606,1063.68408,-453.57892,-103.05991,1028.02234,-465.25381,21.6811,1036.81934,-506.26794,-119.97766,928.54346
3100,25.825,-312.72241,-138.89111,1023.2052,-339.96185,64.88606,1063.68408,-453.57892,-103.05991,1028.02234,-465.25381,21.6811,1036.81934,-506.17267,-119.79684,928.68829
3101,25.833,-313.02658,-138.81158,1023.49438,-339.96185,64.88606,1063.68408,-453.57892,-103.05991,1028.02234,-465.28235,21.71198,1037.00134,-506.17267,-119.79684,928.68829
3102,25.842,-313.18478,-138.7258,1023.3371,-339.96185,64.88606,1063.68408,-453.57892,-103.05991,1028.02234,-465.28235,21.71198,1037.00134,-506.17267,-119.79684,928.68829
3103,25.85,-312.84235,-138.82016,1023.33582,-339.96185,64.88606,1063.68408,-453.57892,-103.05991,1028.02234,-465.5415,21.11991,1037.27478,-506.26794,-119.97766,928.54346
3104,25.858,-313.02798,-138.90366,1023.52649,-339.96185,64.88606,1063.68408,-453.57892,-103.05991,1028.02234,-465.634,21.18355,1037.13428,-506.26794,-119.97766,928.54346
3105,25.867,-312.70532,-139.0309,1023.26642,-339.96185,64.88606,1063.68408,-453.48785,-103.36619,1028.01868,-465.5415,21.11991,1037.27478,-506.26794,-119.97766,928.54346
3106,25.875,-312.72241,-138.89111,1023.2052,-339.96185,64.88606,1063.68408,-453.49606,-103.44978,1028.2417,-465.41467,21.28556,1037.1698,-506.17267,-119.79684,928.68829
3107,25.883,-312.72241,-138.89111,1023.2052,-339.96185,64.88606,1063.68408,-453.49606,-103.44978,1028.2417,-465.18985,21.64837,1037.14185,-506.24899,-120.00518,928.76843
3108,25.892,-312.51974,-138.94736,1023.07568,-339.96185,64.88606,1063.68408,-453.4859,-103.09565,1028.08447,-465.18985,21.64837,1037.14185,-506.17267,-119.79684,928.68829
3109,25.9,-312.51974,-138.94736,1023.07568,-339.96185,64.88606,1063.68408,-453.58713,-103.14352,1028.24536,-465.28796,21.6865,1037.07837,-506.24899,-120.00518,928.76843
3110,25.908,-312.55804,-138.93254,1022.7879,-339.96185,64.88606,1063.68408,-453.5751,-103.30727,1028.12,-465.5415,21.11991,1037.27478,-506.34427,-120.18603,928.6236
3111,25.917,-312.55804,-138.93254,1022.7879,-339.96185,64.88606,1063.68408,-453.15851,-103.58721,1028.44031,-465.5415,21.11991,1037.27478,-506.34427,-120.18603,928.6236
3112,25.925,-312.51974,-138.94736,1023.07568,-339.96185,64.88606,1063.68408,-453.25153,-103.55154,1028.37817,-465.5415,21.11991,1037.27478,-506.34427,-120.18603,928.6236
3113,25.933,-312.55804,-138.93254,1022.7879,-339.96185,64.88606,1063.68408,-452.80859,-103.65164,1028.42334,-465.5415,21.11991,1037.27478,-506.34427,-120.18603,928.6236
3114,25.942,-312.45731,-138.75897,1022.62567,-339.96185,64.88606,1063.68408,-452.80859,-103.65164,1028.42334,-465.18985,21.64837,1037.14185,-506.24899,-120.00518,928.76843
3115,25.95,-312.46652,-138.67349,1022.44458,-339.96185,64.88606,1063.68408,-452.89963,-103.34543,1028.427,-465.18985,21.64837,1037.14185,-506.24899,-120.00518,928.76843
3116,25.958,-312.46652,-138.67349,1022.44458,-339.96185,64.88606,1063.68408,-452.80859,-103.65164,1028.42334,-465.18985,21.64837,1037.14185,-506.24899,-120.00518,928.76843
3117,25.967,-312.46652,-138.67349,1022.44458,-339.96185,64.88606,1063.68408,-452.98703,-103.69196,1028.62268,-465.18985,21.64837,1037.14185,-506.24899,-120.00518,928.76843
3118,25.975,-312.55804,-138.93254,1022.7879,-339.96185,64.88606,1063.68408,-452.80859,-103.65164,1028.42334,-465.5415,21.11991,1037.27478,-506.34427,-120.18603,928.6236
3119,25.983,-312.27838,-138.86145,1022.52277,-339.96185,64.88606,1063.68408,-452.6669,-103.76318,1028.63892,-465.06805,21.00367,1037.40869,-506.51138,-120.2247,928.82666
3120,25.992,-312.55804,-138.93254,1022.7879,-339.96185,64.88606,1063.68408,-452.75793,-103.45699,1028.64258,-464.86261,21.32686,1037.36523,-506.24899,-120.00518,928.76843
3121,26,-312.57654,-138.85432,1022.60522,-339.96185,64.88606,1063.68408,-452.75793,-103.45699,1028.64258,-464.71622,21.5322,1037.27576,-506.40869,-120.14159,929.22925
3122,26.008,-311.89398,-138.70998,1022.25372,-339.96185,64.88606,1063.68408,-452.6669,-103.76318,1028.63892,-465.18985,21.64837,1037.14185,-506.41611,-120.04385,928.97156
3123,26.017,-311.89398,-138.70998,1022.25372,-339.96185,64.88606,1063.68408,-452.6669,-103.76318,1028.63892,-464.71622,21.5322,1037.27576,-506.41611,-120.04385,928.97156
3124,26.025,-312.19363,-138.70422,1022.33453,-339.53937,65.2363,1063.61157,-452.6669,-103.76318,1028.63892,-464.71622,21.5322,1037.27576,-506.41611,-120.04385,928.97156
3125,26.033,-311.89398,-138.70998,1022.25372,-339.96185,64.88606,1063.68408,-452.6669,-103.76318,1028.63892,-465.18985,21.64837,1037.14185,-506.41611,-120.04385,928.97156
3126,26.042,-312.02866,-138.51581,1022.12799,-339.53937,65.2363,1063.61157,-452.6669,-103.76318,1028.63892,-464.71622,21.5322,1037.27576,-506.41611,-120.04385,928.97156
3127,26.05,-311.89398,-138.70998,1022.25372,-339.53937,65.2363,1063.61157,-452.6669,-103.76318,1028.63892,-465.18985,21.64837,1037.14185,-506.51138,-120.2247,928.82666
3128,26.058,-312.46652,-138.67349,1022.44458,-339.53937,65.2363,1063.61157,-452.6669,-103.76318,1028.63892,-465.18985,21.64837,1037.14185,-506.51138,-120.2247,928.82666
3129,26.067,-312.77002,-138.77917,1022.53143,-339.53937,65.2363,1063.61157,-452.6669,-103.76318,1028.63892,-464.71622,21.5322,1037.27576,-506.41611,-120.04385,928.97156
3130,26.075,-312.49658,-138.41127,1022.1626,-339.53937,65.2363,1063.61157,-452.6669,-103.76318,1028.63892,-464.71622,21.5322,1037.27576,-506.24899,-120.00518,928.76843
3131,26.083,-312.71124,-138.6602,1022.47955,-339.53937,65.2363,1063.61157,-452.75992,-103.72758,1028.5769,-464.71622,21.5322,1037.27576,-506.41611,-120.04385,928.97156
3132,26.092,-312.69275,-138.73843,1022.66223,-339.53937,65.2363,1063.61157,-453.07809,-103.38576,1028.62646,-465.18985,21.64837,1037.14185,-506.51138,-120.2247,928.82666
3133,26.1,-312.69275,-138.73843,1022.66223,-339.53937,65.2363,1063.61157,-452.75793,-103.45699,1028.64258,-465.18985,21.64837,1037.14185,-506.51138,-120.2247,928.82666
3134,26.108,-312.69275,-138.73843,1022.66223,-339.53937,65.2363,1063.61157,-452.75793,-103.45699,1028.64258,-464.71622,21.5322,1037.27576,-506.34427,-120.18603,928.6236
3135,26.117,-312.65445,-138.75325,1022.95001,-339.53937,65.2363,1063.61157,-452.75793,-103.45699,1028.64258,-465.18985,21.64837,1037.14185,-506.51138,-120.2247,928.82666
3136,26.125,-312.68262,-138.86238,1022.9184,-339.53937,65.2363,1063.61157,-453.07809,-103.38576,1028.62646,-464.71622,21.5322,1037.27576,-506.41611,-120.04385,928.97156
3137,26.133,-313.1207,-138.70279,1023.71979,-339.53937,65.2363,1063.61157,-453.07809,-103.38576,1028.62646,-465.18985,21.64837,1037.14185,-506.41611,-120.04385,928.97156
3138,26.142,-313.1207,-138.70279,1023.71979,-339.96185,64.88606,1063.68408,-453.07809,-103.38576,1028.62646,-465.18985,21.64837,1037.14185,-506.41611,-120.04385,928.97156
3139,26.15,-312.93506,-138.61931,1023.52911,-339.53937,65.2363,1063.61157,-452.75793,-103.45699,1028.64258,-465.18985,21.64837,1037.14185,-506.51138,-120.2247,928.82666
3140,26.158,-313.1207,-138.70279,1023.71979,-339.96185,64.88606,1063.68408,-452.75793,-103.45699,1028.64258,-465.18985,21.64837,1037.14185,-506.40869,-120.14159,929.22925
3141,26.167,-313.1207,-138.70279,1023.71979,-339.66998,64.76932,1064.09473,-452.75793,-103.45699,1028.64258,-465.18985,21.64837,1037.14185,-506.40869,-120.14159,929.22925
3142,26.175,-313.30621,-138.78642,1023.91064,-339.96185,64.88606,1063.68408,-453.07809,-103.38576,1028.62646,-465.18985,21.64837,1037.14185,-506.32471,-120.14346,929.31116
3143,26.183,-313.1207,-138.70279,1023.71979,-339.66998,64.76932,1064.09473,-452.75793,-103.45699,1028.64258,-465.16132,21.61752,1036.95984,-506.39972,-119.94305,929.42706
3144,26.192,-313.1207,-138.70279,1023.71979,-340.12476,64.77704,1064.36804,-452.75793,-103.45699,1028.64258,-465.16132,21.61752,1036.95984,-506.39972,-119.94305,929.42706
3145,26.2,-313.30621,-138.78642,1023.91064,-340.12476,64.77704,1064.36804,-452.75793,-103.45699,1028.64258,-465.18985,21.64837,1037.14185,-506.32471,-120.14346,929.31116
3146,26.208,-313.30621,-138.78642,1023.91064,-340.12476,64.77704,1064.36804,-452.6669,-103.76318,1028.63892,-465.18985,21.64837,1037.14185,-506.13977,-120.08948,929.05688
3147,26.217,-312.96835,-138.62262,1023.79749,-340.12476,64.77704,1064.36804,-452.75793,-103.45699,1028.64258,-465.41467,21.28556,1037.1698,-506.33212,-120.04575,929.05341
3148,26.225,-313.15387,-138.70625,1023.98828,-340.12476,64.77704,1064.36804,-453.15851,-103.58721,1028.44031,-465.41467,21.28556,1037.1698,-506.26028,-120.18794,928.70551
3149,26.233,-313.1207,-138.70279,1023.71979,-340.12476,64.77704,1064.36804,-453.07809,-103.38576,1028.62646,-465.18985,21.64837,1037.14185,-506.33212,-120.04575,929.05341
3150,26.242,-313.30621,-138.78642,1023.91064,-340.12476,64.77704,1064.36804,-452.89963,-103.34543,1028.427,-465.16132,21.61752,1036.95984,-506.16501,-120.00709,928.85034
3151,26.25,-312.96835,-138.62262,1023.79749,-340.41663,64.89378,1063.95752,-452.75793,-103.45699,1028.64258,-465.16132,21.61752,1036.95984,-506.16501,-120.00709,928.85034
3152,26.258,-313.26443,-138.12061,1023.86145,-340.12476,64.77704,1064.36804,-453.24957,-103.28098,1028.44397,-465.16132,21.61752,1036.95984,-506.24899,-120.00518,928.76843
3153,26.267,-313.26443,-138.12061,1023.86145,-340.12476,64.77704,1064.36804,-453.24957,-103.28098,1028.44397,-465.5415,21.11991,1037.27478,-506.34427,-120.18603,928.6236
3154,26.275,-313.54236,-137.95906,1024.03979,-340.41663,64.89378,1063.95752,-453.49414,-103.17924,1028.3075,-465.5415,21.11991,1037.27478,-506.34427,-120.18603,928.6236
3155,26.283,-313.69916,-137.70041,1024.16443,-340.41663,64.89378,1063.95752,-453.49414,-103.17924,1028.3075,-465.634,21.18355,1037.13428,-506.26794,-119.97766,928.54346
3156,26.292,-313.72952,-137.82767,1024.07275,-340.41663,64.89378,1063.95752,-453.58713,-103.14352,1028.24536,-465.18985,21.64837,1037.14185,-506.17267,-119.79684,928.68829
3157,26.3,-313.69916,-137.70041,1024.16443,-340.12476,64.77704,1064.36804,-453.58713,-103.14352,1028.24536,-465.28796,21.6865,1037.07837,-506.17267,-119.79684,928.68829
3158,26.308,-313.69916,-137.70041,1024.16443,-340.79529,64.90999,1064.46497,-453.58713,-103.14352,1028.24536,-465.38046,21.7501,1036.93774,-506.17267,-119.79684,928.68829
3159,26.317,-313.69916,-137.70041,1024.16443,-341.0871,65.02667,1064.05444,-453.58713,-103.14352,1028.24536,-465.60526,21.38731,1036.9657,-506.17267,-119.79684,928.68829
3160,26.325,-314.01297,-137.71692,1024.21692,-341.0871,65.02667,1064.05444,-453.7038,-103.01983,1028.23083,-465.73206,21.22168,1037.07068,-506.17267,-119.79684,928.68829
3161,26.333,-314.11624,-137.68797,1024.40527,-340.79529,64.90999,1064.46497,-453.7038,-103.01983,1028.23083,-465.73206,21.22168,1037.07068,-506.17267,-119.79684,928.68829
3162,26.342,-314.11624,-137.68797,1024.40527,-340.79529,64.90999,1064.46497,-453.7038,-103.01983,1028.23083,-465.73206,21.22168,1037.07068,-506.25037,-119.61899,928.75281
3163,26.35,-314.11624,-137.68797,1024.40527,-340.79529,64.90999,1064.46497,-453.7038,-103.01983,1028.23083,-465.73206,21.22168,1037.07068,-506.25037,-119.61899,928.75281
3164,26.358,-314.11624,-137.68797,1024.40527,-340.79529,64.90999,1064.46497,-453.7038,-103.01983,1028.23083,-465.73206,21.22168,1037.07068,-506.25037,-119.61899,928.75281
3165,26.367,-314.11624,-137.68797,1024.40527,-340.79529,64.90999,1064.46497,-453.61554,-102.84838,1028.36304,-465.51663,21.906,1036.58093,-506.32538,-119.41861,928.86865
3166,26.375,-314.11624,-137.68797,1024.40527,-341.0871,65.02667,1064.05444,-453.61554,-102.84838,1028.36304,-465.66296,21.70069,1036.67053,-506.32538,-119.41861,928.86865
3167,26.383,-314.11624,-137.68797,1024.40527,-341.0871,65.02667,1064.05444,-453.7038,-103.01983,1028.23083,-465.83316,21.21001,1036.97327,-506.24768,-119.59649,928.80414
3168,26.392,-314.11624,-137.68797,1024.40527,-341.0871,65.02667,1064.05444,-453.7038,-103.01983,1028.23083,-465.83316,21.21001,1036.97327,-506.25037,-119.61899,928.75281
3169,26.4,-314.11624,-137.68797,1024.40527,-341.0871,65.02667,1064.05444,-453.7038,-103.01983,1028.23083,-465.96927,21.3659,1036.61646,-506.25037,-119.61899,928.75281
3170,26.408,-314.11624,-137.68797,1024.40527,-341.0871,65.02667,1064.05444,-453.61554,-102.84838,1028.36304,-465.83316,21.21001,1036.97327,-506.17267,-119.79684,928.68829
3171,26.417,-314.11624,-137.68797,1024.40527,-341.0871,65.02667,1064.05444,-453.61554,-102.84838,1028.36304,-465.96927,21.3659,1036.61646,-506.25037,-119.61899,928.75281
3172,26.425,-314.11624,-137.68797,1024.40527,-341.0871,65.02667,1064.05444,-453.61554,-102.84838,1028.36304,-466.06357,21.51324,1036.54553,-506.17267,-119.79684,928.68829
3173,26.433,-314.11624,-137.68797,1024.40527,-341.0871,65.02667,1064.05444,-453.61554,-102.84838,1028.36304,-466.06357,21.51324,1036.54553,-506.17267,-119.79684,928.68829
3174,26.442,-314.25095,-137.49393,1024.27979,-341.58395,65.18706,1063.97046,-453.75519,-102.9138,1028.16003,-466.06357,21.51324,1036.54553,-506.17267,-119.79684,928.68829
3175,26.45,-314.43814,-137.36253,1024.31274,-341.58395,65.18706,1063.97046,-453.75519,-102.9138,1028.16003,-466.18729,21.66205,1036.49902,-506.26794,-119.97766,928.54346
3176,26.458,-314.43814,-137.36253,1024.31274,-341.58395,65.18706,1063.97046,-453.88943,-102.67825,1027.99768,-466.06357,21.51324,1036.54553,-506.34427,-120.18603,928.6236
3177,26.467,-314.3797,-137.27512,1024.42358,-341.58395,65.18706,1063.97046,-453.88943,-102.67825,1027.99768,-466.2171,21.51008,1036.41882,-506.41754,-119.65767,928.95587
3178,26.475,-314.46893,-137.18634,1024.57227,-341.58395,65.18706,1063.97046,-453.88943,-102.67825,1027.99768,-466.18729,21.66205,1036.49902,-506.41754,-119.65767,928.95587
3179,26.483,-314.33423,-137.3804,1024.69775,-341.58395,65.18706,1063.97046,-453.94601,-102.51674,1028.10303,-466.31473,22.13631,1036.57703,-506.49384,-119.86598,929.03601
3180,26.492,-314.27518,-137.07262,1024.68518,-341.58395,65.18706,1063.97046,-453.85776,-102.34532,1028.23523,-466.34113,22.17756,1036.73462,-506.69559,-119.47261,929.23303
3181,26.5,-314.14047,-137.26669,1024.81067,-341.58395,65.18706,1063.97046,-453.85776,-102.34532,1028.23523,-466.34113,22.17756,1036.73462,-506.86349,-119.41534,929.40234
3182,26.508,-314.28485,-137.18562,1025.02002,-341.58395,65.18706,1063.97046,-453.85776,-102.34532,1028.23523,-466.17859,21.98034,1036.93396,-506.77185,-119.68089,929.31311
3183,26.517,-314.28485,-137.18562,1025.02002,-341.58395,65.18706,1063.97046,-453.96277,-102.17543,1028.25305,-466.20496,22.02165,1037.09155,-506.86349,-119.41534,929.40234
3184,26.525,-314.28485,-137.18562,1025.02002,-341.58395,65.18706,1063.97046,-454.0379,-101.94347,1028.32959,-466.34671,22.04931,1037.2063,-506.86349,-119.41534,929.40234
3185,26.533,-314.28485,-137.18562,1025.02002,-341.58395,65.18706,1063.97046,-453.94965,-101.77207,1028.46179,-466.20496,22.02165,1037.09155,-506.86349,-119.41534,929.40234
3186,26.542,-314.28485,-137.18562,1025.02002,-341.58395,65.18706,1063.97046,-453.94965,-101.77207,1028.46179,-466.34671,22.04931,1037.2063,-506.87946,-119.50405,929.64935
3187,26.55,-314.14047,-137.26669,1024.81067,-341.58395,65.18706,1063.97046,-453.81546,-102.00753,1028.62402,-465.99969,22.3447,1037.04822,-506.86349,-119.41534,929.40234
3188,26.558,-314.28485,-137.18562,1025.02002,-341.58395,65.18706,1063.97046,-453.94965,-101.77207,1028.46179,-466.34671,22.04931,1037.2063,-506.87946,-119.50405,929.64935
3189,26.567,-314.28485,-137.18562,1025.02002,-341.29224,65.07045,1064.3811,-453.81073,-102.18518,1028.59961,-466.20496,22.02165,1037.09155,-506.87946,-119.50405,929.64935
3190,26.575,-314.28485,-137.18562,1025.02002,-341.58395,65.18706,1063.97046,-454.0379,-101.94347,1028.32959,-466.20496,22.02165,1037.09155,-506.87946,-119.50405,929.64935
3191,26.583,-314.28485,-137.18562,1025.02002,-341.58395,65.18706,1063.97046,-453.86237,-101.41237,1028.48267,-466.34671,22.04931,1037.2063,-506.87946,-119.50405,929.64935
3192,26.592,-314.28485,-137.18562,1025.02002,-341.58395,65.18706,1063.97046,-453.94965,-101.77207,1028.46179,-466.17859,21.98034,1036.93396,-506.87946,-119.50405,929.64935
3193,26.6,-314.28485,-137.18562,1025.02002,-341.58395,65.18706,1063.97046,-453.81073,-102.18518,1028.59961,-466.20496,22.02165,1037.09155,-506.86349,-119.41534,929.40234
3194,26.608,-314.28485,-137.18562,1025.02002,-341.58395,65.18706,1063.97046,-453.94965,-101.77207,1028.46179,-466.21994,22.2149,1037.10144,-506.86349,-119.41534,929.40234
3195,26.617,-314.14047,-137.26669,1024.81067,-341.58395,65.18706,1063.97046,-454.0379,-101.94347,1028.32959,-466.17859,21.98034,1036.93396,-506.86349,-119.41534,929.40234
3196,26.625,-314.14047,-137.26669,1024.81067,-341.58395,65.18706,1063.97046,-454.29172,-101.93488,1028.44092,-466.17859,21.98034,1036.93396,-506.95874,-119.59615,929.25745
3197,26.633,-314.28485,-137.18562,1025.02002,-341.58395,65.18706,1063.97046,-454.46414,-102.12467,1028.47986,-466.17859,21.98034,1036.93396,-506.95874,-119.59615,929.25745
3198,26.642,-314.47858,-137.29935,1024.9071,-341.58395,65.18706,1063.97046,-454.21182,-102.34448,1028.33984,-466.31473,22.13631,1036.57703,-506.95874,-119.59615,929.25745
3199,26.65,-314.68823,-137.38524,1024.83508,-341.58395,65.18706,1063.97046,-454.27493,-102.27623,1028.29089,-466.48636,22.01194,1036.61157,-506.95874,-119.59615,929.25745
3200,26.658,-314.68823,-137.38524,1024.83508,-341.58395,65.18706,1063.97046,-454.36078,-102.12925,1028.32507,-466.21573,22.21087,1036.36853,-507.12814,-119.56693,929.38007
3201,26.667,-314.68823,-137.38524,1024.83508,-341.58395,65.18706,1063.97046,-454.36078,-102.12925,1028.32507,-466.05182,22.14593,1036.82898,-507.12814,-119.56693,929.38007
3202,26.675,-314.68823,-137.38524,1024.83508,-342.22711,66.00808,1064.38135,-454.54996,-101.97768,1028.51404,-466.23785,22.38158,1036.35254,-506.99857,-119.45493,929.32312
3203,26.683,-314.68823,-137.38524,1024.83508,-342.22711,66.00808,1064.38135,-454.54523,-102.15528,1028.4895,-466.31473,22.13631,1036.57703,-507.26321,-119.60655,929.30084
3204,26.692,-314.68823,-137.38524,1024.83508,-342.22711,66.00808,1064.38135,-454.54996,-101.97768,1028.51404,-466.45651,22.16392,1036.69189,-507.26321,-119.60655,929.30084
3205,26.7,-314.68823,-137.38524,1024.83508,-341.29224,65.07045,1064.3811,-454.54996,-101.97768,1028.51404,-466.45651,22.16392,1036.69189,-507.26321,-119.60655,929.30084
3206,26.708,-314.68823,-137.38524,1024.83508,-342.81186,66.04863,1064.65637,-454.64786,-101.91146,1028.37622,-466.57468,22.00133,1036.6803,-507.26321,-119.60655,929.30084
3207,26.717,-314.68823,-137.38524,1024.83508,-343.23428,65.69855,1064.72876,-454.54996,-101.97768,1028.51404,-466.32977,22.32952,1036.58691,-507.26321,-119.60655,929.30084
3208,26.725,-314.73453,-137.48453,1024.70447,-342.94263,65.58195,1065.13916,-454.54996,-101.97768,1028.51404,-466.38242,22.26031,1036.49854,-507.26321,-119.60655,929.30084
3209,26.733,-314.73453,-137.48453,1024.70447,-342.29959,64.76095,1064.72852,-454.54996,-101.97768,1028.51404,-466.57468,22.00133,1036.6803,-507.26321,-119.60655,929.30084
3210,26.742,-314.73453,-137.48453,1024.70447,-342.94263,65.58195,1065.13916,-454.54996,-101.97768,1028.51404,-466.45651,22.16392,1036.69189,-507.26321,-119.60655,929.30084
3211,26.75,-314.73453,-137.48453,1024.70447,-342.59128,64.87753,1064.31812,-454.54523,-102.15528,1028.4895,-466.65775,21.85539,1036.50061,-507.26321,-119.60655,929.30084
3212,26.758,-314.73453,-137.48453,1024.70447,-343.23428,65.69855,1064.72876,-454.64313,-102.08907,1028.35168,-466.57468,22.00133,1036.6803,-507.26321,-119.60655,929.30084
3213,26.767,-314.73453,-137.48453,1024.70447,-342.29959,64.76095,1064.72852,-454.64313,-102.08907,1028.35168,-466.45651,22.16392,1036.69189,-507.26321,-119.60655,929.30084
3214,26.775,-314.73453,-137.48453,1024.70447,-342.29959,64.76095,1064.72852,-454.64313,-102.08907,1028.35168,-466.47571,22.0759,1036.4718,-507.14789,-119.45488,929.11407
3215,26.783,-314.73453,-137.48453,1024.70447,-342.29959,64.76095,1064.72852,-454.54523,-102.15528,1028.4895,-466.32092,22.23562,1036.17273,-507.26321,-119.60655,929.30084
3216,26.792,-314.73453,-137.48453,1024.70447,-342.29959,64.76095,1064.72852,-454.45868,-102.06303,1028.18726,-466.23785,22.38158,1036.35254,-507.26321,-119.60655,929.30084
3217,26.8,-314.73453,-137.48453,1024.70447,-342.29959,64.76095,1064.72852,-454.64313,-102.08907,1028.35168,-466.45651,22.16392,1036.69189,-507.09381,-119.63578,929.17828
3218,26.808,-314.73453,-137.48453,1024.70447,-341.71481,64.72027,1064.45349,-454.54523,-102.15528,1028.4895,-466.48636,22.01194,1036.61157,-507.09381,-119.63578,929.17828
3219,26.817,-314.59482,-137.79501,1024.67737,-341.21786,64.55981,1064.53748,-454.45938,-102.30228,1028.45544,-466.45651,22.16392,1036.69189,-507.09381,-119.63578,929.17828
3220,26.825,-314.59482,-137.79501,1024.67737,-341.21786,64.55981,1064.53748,-454.56796,-102.32102,1028.27515,-466.45651,22.16392,1036.69189,-507.26321,-119.60655,929.30084
3221,26.833,-314.59482,-137.79501,1024.67737,-341.21786,64.55981,1064.53748,-454.47003,-102.38725,1028.41296,-466.31473,22.13631,1036.57703,-507.09381,-119.63578,929.17828
3222,26.842,-314.59482,-137.79501,1024.67737,-341.21786,64.55981,1064.53748,-454.47003,-102.38725,1028.41296,-466.10504,22.69222,1036.55896,-506.99857,-119.45493,929.32312
3223,26.85,-314.59482,-137.79501,1024.67737,-341.86102,65.3812,1064.94824,-454.54523,-102.15528,1028.4895,-466.48288,22.20518,1036.84937,-507.26321,-119.60655,929.30084
3224,26.858,-314.8327,-137.73703,1024.81799,-341.21786,64.55981,1064.53748,-454.54523,-102.15528,1028.4895,-466.48288,22.20518,1036.84937,-507.26321,-119.60655,929.30084
3225,26.867,-314.54849,-137.69576,1024.80811,-341.21786,64.55981,1064.53748,-454.68085,-102.21726,1028.68787,-466.48288,22.20518,1036.84937,-507.26321,-119.60655,929.30084
3226,26.875,-314.87842,-137.79796,1025.12769,-341.21786,64.55981,1064.53748,-454.68085,-102.21726,1028.68787,-466.48288,22.20518,1036.84937,-507.26321,-119.60655,929.30084
3227,26.883,-314.74377,-137.992,1025.25317,-341.21786,64.55981,1064.53748,-454.47003,-102.38725,1028.41296,-466.32904,21.68965,1036.61389,-507.26321,-119.60655,929.30084
3228,26.892,-314.87842,-137.79796,1025.12769,-341.21786,64.55981,1064.53748,-454.68085,-102.21726,1028.68787,-466.45651,22.16392,1036.69189,-507.12814,-119.56693,929.38007
3229,26.9,-314.74377,-137.992,1025.25317,-341.21786,64.55981,1064.53748,-454.6929,-102.0535,1028.81335,-466.48288,22.20518,1036.84937,-507.0329,-119.38612,929.5249
3230,26.908,-314.74377,-137.992,1025.25317,-341.21786,64.55981,1064.53748,-454.60468,-101.88211,1028.94568,-466.13144,22.73349,1036.71655,-507.0329,-119.38612,929.5249
3231,26.917,-314.48697,-138.0472,1025.11194,-341.21786,64.55981,1064.53748,-454.60468,-101.88211,1028.94568,-466.08127,21.8729,1037.13794,-507.0329,-119.38612,929.5249
3232,26.925,-314.74377,-137.992,1025.25317,-341.21786,64.55981,1064.53748,-454.55832,-102.21455,1028.8855,-466.20496,22.02165,1037.09155,-507.0329,-119.38612,929.5249
3233,26.933,-314.74377,-137.992,1025.25317,-341.21786,64.55981,1064.53748,-454.50693,-102.32055,1028.9563,-466.19104,21.98755,1036.62354,-507.12814,-119.56693,929.38007
3234,26.942,-314.48697,-138.0472,1025.11194,-340.79529,64.90999,1064.46497,-454.55832,-102.21455,1028.8855,-466.31473,22.13631,1036.57703,-507.12814,-119.56693,929.38007
3235,26.95,-314.48697,-138.0472,1025.11194,-340.79529,64.90999,1064.46497,-454.55832,-102.21455,1028.8855,-466.08127,21.8729,1037.13794,-507.0329,-119.38612,929.5249
3236,26.958,-314.48697,-138.0472,1025.11194,-340.79529,64.90999,1064.46497,-454.45804,-102.20692,1028.89233,-465.87604,22.19599,1037.0946,-507.0329,-119.38612,929.5249
3237,26.967,-314.48697,-138.0472,1025.11194,-340.79529,64.90999,1064.46497,-454.47009,-102.04315,1029.01782,-465.70337,22.35994,1036.84753,-507.0329,-119.38612,929.5249
3238,26.975,-314.74377,-137.992,1025.25317,-340.79529,64.90999,1064.46497,-454.38428,-102.19016,1028.98364,-465.84967,22.15468,1036.93701,-507.0329,-119.38612,929.5249
3239,26.983,-314.74377,-137.992,1025.25317,-340.79529,64.90999,1064.46497,-454.46045,-102.52531,1028.72595,-466.20496,22.02165,1037.09155,-507.0329,-119.38612,929.5249
3240,26.992,-314.48697,-138.0472,1025.11194,-340.79529,64.90999,1064.46497,-454.4725,-102.36156,1028.85144,-466.08127,21.8729,1037.13794,-507.0329,-119.38612,929.5249
3241,27,-314.74377,-137.992,1025.25317,-340.79529,64.90999,1064.46497,-454.42111,-102.46756,1028.92212,-465.9845,21.50177,1037.10706,-507.0329,-119.38612,929.5249
3242,27.008,-314.74377,-137.992,1025.25317,-340.79529,64.90999,1064.46497,-454.4187,-102.14915,1029.0885,-465.78912,21.36614,1037.27551,-507.0329,-119.38612,929.5249
3243,27.017,-314.74377,-137.992,1025.25317,-341.21786,64.55981,1064.53748,-454.4187,-102.14915,1029.0885,-465.67816,21.83654,1037.16125,-507.0329,-119.38612,929.5249
3244,27.025,-314.74377,-137.992,1025.25317,-340.79529,64.90999,1064.46497,-454.33286,-102.29616,1029.05444,-465.62866,22.41294,1037.10266,-507.04886,-119.47478,929.77197
3245,27.033,-314.74377,-137.992,1025.25317,-340.79529,64.90999,1064.46497,-454.4187,-102.14915,1029.0885,-465.53439,22.26572,1037.17346,-507.04886,-119.47478,929.77197
3246,27.042,-314.57053,-137.89919,1025.37109,-340.79529,64.90999,1064.46497,-454.4187,-102.14915,1029.0885,-465.68066,22.06043,1037.26294,-507.04886,-119.47478,929.77197
3247,27.05,-314.74377,-137.992,1025.25317,-341.21786,64.55981,1064.53748,-454.33286,-102.29616,1029.05444,-465.78912,21.36614,1037.27551,-507.04886,-119.47478,929.77197
3248,27.058,-314.74377,-137.992,1025.25317,-340.79529,64.90999,1064.46497,-454.42111,-102.46756,1028.92212,-465.78912,21.36614,1037.27551,-507.04886,-119.47478,929.77197
3249,27.067,-314.57053,-137.89919,1025.37109,-340.76154,64.78821,1064.75098,-454.09732,-102.39831,1029.19678,-465.78912,21.36614,1037.27551,-507.04886,-119.47478,929.77197
3250,27.075,-314.57053,-137.89919,1025.37109,-340.1619,64.65656,1064.69666,-454.09732,-102.39831,1029.19678,-465.43756,21.89457,1037.14258,-507.04886,-119.47478,929.77197
3251,27.083,-314.57053,-137.89919,1025.37109,-340.12476,64.77704,1064.36804,-454.09732,-102.39831,1029.19678,-465.44189,22.20213,1037.31396,-507.04886,-119.47478,929.77197
3252,27.092,-314.57053,-137.89919,1025.37109,-340.12476,64.77704,1064.36804,-454.33286,-102.29616,1029.05444,-465.44189,22.20213,1037.31396,-507.04886,-119.47478,929.77197
3253,27.1,-314.57053,-137.89919,1025.37109,-340.1619,64.65656,1064.69666,-454.33286,-102.29616,1029.05444,-465.34506,21.83096,1037.28308,-507.04886,-119.47478,929.77197
3254,27.108,-314.57053,-137.89919,1025.37109,-340.1619,64.65656,1064.69666,-454.11041,-102.80172,1028.98792,-465.5415,21.11991,1037.27478,-507.04886,-119.47478,929.77197
3255,27.117,-314.31372,-137.95439,1025.22986,-339.65253,64.93044,1064.89978,-454.02216,-102.63029,1029.12012,-465.4343,21.48118,1037.16785,-506.87946,-119.50405,929.64935
3256,27.125,-314.31372,-137.95439,1025.22986,-340.1619,64.65656,1064.69666,-453.7139,-102.38308,1028.95544,-465.24698,21.79284,1037.34668,-507.04886,-119.47478,929.77197
3257,27.133,-314.31372,-137.95439,1025.22986,-339.65253,64.93044,1064.89978,-453.90558,-102.39061,1029.07605,-465.24698,21.79284,1037.34668,-506.87946,-119.50405,929.64935
3258,27.142,-314.31372,-137.95439,1025.22986,-339.65253,64.93044,1064.89978,-454.01312,-102.2826,1028.78162,-465.18985,21.64837,1037.14185,-506.87946,-119.50405,929.64935
3259,27.15,-314.31372,-137.95439,1025.22986,-339.65253,64.93044,1064.89978,-453.69513,-102.63503,1028.89124,-465.18985,21.64837,1037.14185,-506.87946,-119.50405,929.64935
3260,27.158,-314.31372,-137.95439,1025.22986,-339.65253,64.93044,1064.89978,-453.68417,-102.52319,1028.59387,-465.18985,21.64837,1037.14185,-506.87946,-119.50405,929.64935
3261,27.167,-314.31372,-137.95439,1025.22986,-339.65253,64.93044,1064.89978,-453.6669,-102.56695,1028.71497,-465.18985,21.64837,1037.14185,-506.87946,-119.50405,929.64935
3262,27.175,-314.12656,-138.08577,1025.1969,-339.65253,64.93044,1064.89978,-453.6669,-102.56695,1028.71497,-465.18985,21.64837,1037.14185,-506.87946,-119.50405,929.64935
3263,27.183,-313.91693,-137.99988,1025.26892,-339.65253,64.93044,1064.89978,-453.6669,-102.56695,1028.71497,-465.23648,21.90818,1037.44507,-506.87946,-119.50405,929.64935
3264,27.192,-314.12656,-138.08577,1025.1969,-339.65253,64.93044,1064.89978,-453.50345,-102.62748,1028.77063,-465.17938,21.76369,1037.24036,-506.87946,-119.50405,929.64935
3265,27.2,-313.91693,-137.99988,1025.26892,-339.65253,64.93044,1064.89978,-453.50345,-102.62748,1028.77063,-465.18985,21.64837,1037.14185,-506.87946,-119.50405,929.64935
3266,27.208,-313.91693,-137.99988,1025.26892,-340.05331,64.56113,1065.04114,-453.50345,-102.62748,1028.77063,-464.70572,21.64754,1037.37415,-506.87946,-119.50405,929.64935
3267,27.217,-313.91693,-137.99988,1025.26892,-340.05331,64.56113,1065.04114,-453.50345,-102.62748,1028.77063,-465.23648,21.90818,1037.44507,-506.87946,-119.50405,929.64935
3268,27.225,-313.5563,-138.56566,1025.4574,-340.05331,64.56113,1065.04114,-453.77243,-102.69463,1028.46155,-465.23648,21.90818,1037.44507,-506.86349,-119.41534,929.40234
3269,27.233,-313.91693,-137.99988,1025.26892,-340.05331,64.56113,1065.04114,-454.02618,-102.68603,1028.57288,-465.17938,21.76369,1037.24036,-506.79617,-119.52548,929.71503
3270,27.242,-313.91693,-137.99988,1025.26892,-340.05331,64.56113,1065.04114,-453.50345,-102.62748,1028.77063,-465.17938,21.76369,1037.24036,-506.79617,-119.52548,929.71503
3271,27.25,-313.91693,-137.99988,1025.26892,-340.05331,64.56113,1065.04114,-453.50345,-102.62748,1028.77063,-464.70572,21.64754,1037.37415,-506.65302,-119.49776,929.49884
3272,27.258,-313.5563,-138.56566,1025.4574,-340.05331,64.56113,1065.04114,-453.40778,-102.67287,1028.82739,-465.17938,21.76369,1037.24036,-506.56973,-119.51919,929.56451
3273,27.267,-313.91693,-137.99988,1025.26892,-340.05331,64.56113,1065.04114,-453.38678,-102.75116,1028.78516,-465.17938,21.76369,1037.24036,-506.56973,-119.51919,929.56451
3274,27.275,-313.91693,-137.99988,1025.26892,-340.05331,64.56113,1065.04114,-453.29376,-102.78683,1028.84729,-465.18985,21.64837,1037.14185,-506.78021,-119.43679,929.46796
3275,27.283,-313.91693,-137.99988,1025.26892,-340.05331,64.56113,1065.04114,-453.29376,-102.78683,1028.84729,-465.18985,21.64837,1037.14185,-506.48553,-119.68703,929.21753
3276,27.292,-313.91693,-137.99988,1025.26892,-340.05331,64.56113,1065.04114,-453.38205,-102.95829,1028.71497,-465.18985,21.64837,1037.14185,-506.48553,-119.68703,929.21753
3277,27.3,-313.91693,-137.99988,1025.26892,-340.05331,64.56113,1065.04114,-453.50616,-103.01562,1028.43286,-465.18985,21.64837,1037.14185,-506.48553,-119.68703,929.21753
3278,27.308,-313.91693,-137.99988,1025.26892,-340.05331,64.56113,1065.04114,-453.46243,-102.84627,1028.54504,-465.18985,21.64837,1037.14185,-506.48553,-119.68703,929.21753
3279,27.317,-313.87631,-138.11406,1024.97205,-340.05331,64.56113,1065.04114,-453.28174,-102.95049,1028.7218,-465.18985,21.64837,1037.14185,-506.48553,-119.68703,929.21753
3280,27.325,-313.68008,-138.5517,1024.61169,-340.05331,64.56113,1065.04114,-453.46243,-102.84627,1028.54504,-465.18985,21.64837,1037.14185,-506.56885,-119.66557,929.15186
3281,27.333,-313.82114,-138.61244,1024.68286,-340.05331,64.56113,1065.04114,-453.22516,-103.11201,1028.61646,-465.18985,21.64837,1037.14185,-506.24341,-119.8488,928.89862
3282,27.342,-313.87137,-138.69995,1024.57007,-340.05331,64.56113,1065.04114,-453.31345,-103.28348,1028.48413,-464.71622,21.5322,1037.27576,-506.16501,-120.00709,928.85034
3283,27.35,-313.52283,-139.10355,1024.56799,-340.05331,64.56113,1065.04114,-453.49414,-103.17924,1028.3075,-465.18985,21.64837,1037.14185,-506.24899,-120.00518,928.76843
3284,27.358,-313.52283,-139.10355,1024.56799,-340.05331,64.56113,1065.04114,-453.49414,-103.17924,1028.3075,-465.18985,21.64837,1037.14185,-506.33212,-120.04575,929.05341
3285,27.367,-313.52283,-139.10355,1024.56799,-340.05331,64.56113,1065.04114,-453.49414,-103.17924,1028.3075,-465.18985,21.64837,1037.14185,-506.41611,-120.04385,928.97156
3286,27.375,-313.74026,-139.38449,1024.83667,-339.75861,64.40477,1065.24695,-453.40585,-103.00779,1028.4397,-465.18985,21.64837,1037.14185,-506.16501,-120.00709,928.85034
3287,27.383,-313.5701,-139.24295,1024.4884,-340.05331,64.56113,1065.04114,-453.22516,-103.11201,1028.61646,-465.18985,21.64837,1037.14185,-506.24899,-120.00518,928.76843
3288,27.392,-313.5701,-139.24295,1024.4884,-340.05331,64.56113,1065.04114,-453.40585,-103.00779,1028.4397,-465.18985,21.64837,1037.14185,-506.33212,-120.04575,929.05341
3289,27.4,-313.38303,-139.37425,1024.45544,-340.05331,64.56113,1065.04114,-453.49414,-103.17924,1028.3075,-465.18985,21.64837,1037.14185,-506.41611,-120.04385,928.97156
3290,27.408,-313.5701,-139.24295,1024.4884,-340.05331,64.56113,1065.04114,-453.49414,-103.17924,1028.3075,-465.33618,21.44305,1037.23145,-506.33212,-120.04575,929.05341
3291,27.417,-313.38303,-139.37425,1024.45544,-340.05331,64.56113,1065.04114,-453.22238,-103.58971,1028.48047,-464.86261,21.32686,1037.36523,-506.41611,-120.04385,928.97156
3292,27.425,-313.38303,-139.37425,1024.45544,-339.65253,64.93044,1064.89978,-452.98703,-103.69196,1028.62268,-464.71622,21.5322,1037.27576,-506.33212,-120.04575,929.05341
3293,27.433,-313.38303,-139.37425,1024.45544,-339.65253,64.93044,1064.89978,-453.22516,-103.11201,1028.61646,-464.71622,21.5322,1037.27576,-506.16501,-120.00709,928.85034
3294,27.442,-313.38303,-139.37425,1024.45544,-339.65253,64.93044,1064.89978,-452.98975,-103.21427,1028.75879,-464.71622,21.5322,1037.27576,-506.40714,-119.84536,929.16931
3295,27.45,-313.38303,-139.37425,1024.45544,-339.65253,64.93044,1064.89978,-452.98975,-103.21427,1028.75879,-464.71622,21.5322,1037.27576,-506.33212,-120.04575,929.05341
3296,27.458,-313.38303,-139.37425,1024.45544,-339.65253,64.93044,1064.89978,-452.89871,-103.52047,1028.75513,-464.71622,21.5322,1037.27576,-506.41611,-120.04385,928.97156
3297,27.467,-313.63446,-138.98648,1024.28748,-339.65253,64.93044,1064.89978,-452.98703,-103.69196,1028.62268,-464.86261,21.32686,1037.36523,-506.33212,-120.04575,929.05341
3298,27.475,-313.51443,-139.00316,1024.08704,-339.61542,65.05094,1064.57117,-452.98703,-103.69196,1028.62268,-464.86261,21.32686,1037.36523,-506.33212,-120.04575,929.05341
3299,27.483,-313.51443,-139.00316,1024.08704,-339.61542,65.05094,1064.57117,-452.89871,-103.52047,1028.75513,-464.71622,21.5322,1037.27576,-506.33212,-120.04575,929.05341
3300,27.492,-313.51443,-139.00316,1024.08704,-339.61542,65.05094,1064.57117,-452.89871,-103.52047,1028.75513,-464.69196,21.357,1037.47314,-506.41611,-120.04385,928.97156
3301,27.5,-313.51443,-139.00316,1024.08704,-339.61542,65.05094,1064.57117,-452.89871,-103.52047,1028.75513,-464.71622,21.5322,1037.27576,-506.40869,-120.14159,929.22925
3302,27.508,-313.51443,-139.00316,1024.08704,-339.61542,65.05094,1064.57117,-452.57852,-103.59168,1028.77124,-464.71622,21.5322,1037.27576,-506.32471,-120.14346,929.31116
3303,27.517,-313.51443,-139.00316,1024.08704,-339.61542,65.05094,1064.57117,-452.57852,-103.59168,1028.77124,-464.71622,21.5322,1037.27576,-506.40869,-120.14159,929.22925
3304,27.525,-313.51443,-139.00316,1024.08704,-339.61542,65.05094,1064.57117,-452.89871,-103.52047,1028.75513,-464.69196,21.357,1037.47314,-506.32471,-120.14346,929.31116
3305,27.533,-313.51443,-139.00316,1024.08704,-339.61542,65.05094,1064.57117,-452.6669,-103.76318,1028.63892,-464.86261,21.32686,1037.36523,-506.39972,-119.94305,929.42706
3306,27.542,-313.51443,-139.00316,1024.08704,-339.61542,65.05094,1064.57117,-452.57852,-103.59168,1028.77124,-464.71622,21.5322,1037.27576,-506.39972,-119.94305,929.42706
3307,27.55,-313.51443,-139.00316,1024.08704,-339.61542,65.05094,1064.57117,-452.57852,-103.59168,1028.77124,-464.69196,21.357,1037.47314,-506.39972,-119.94305,929.42706
3308,27.558,-313.51443,-139.00316,1024.08704,-339.61542,65.05094,1064.57117,-452.57852,-103.59168,1028.77124,-464.47577,21.85616,1037.66504,-506.39972,-119.94305,929.42706
3309,27.567,-313.263,-139.39093,1024.255,-339.61542,65.05094,1064.57117,-452.57852,-103.59168,1028.77124,-464.48627,21.74083,1037.56653,-506.47812,-119.78474,929.47528
3310,27.575,-313.51443,-139.00316,1024.08704,-339.61542,65.05094,1064.57117,-452.72607,-103.12399,1028.88025,-464.6987,21.5109,1037.98438,-506.70453,-119.79105,929.62579
3311,27.583,-313.51443,-139.00316,1024.08704,-339.61542,65.05094,1064.57117,-452.62811,-103.45908,1028.89697,-464.6987,21.5109,1037.98438,-506.20984,-119.90349,929.63464
3312,27.592,-313.51443,-139.00316,1024.08704,-339.61542,65.05094,1064.57117,-452.57852,-103.59168,1028.77124,-464.65753,21.24599,1037.74817,-506.20984,-119.90349,929.63464
3313,27.6,-313.51443,-139.00316,1024.08704,-339.61542,65.05094,1064.57117,-452.57852,-103.59168,1028.77124,-464.64703,21.36134,1037.84656,-506.20984,-119.90349,929.63464
3314,27.608,-313.51443,-139.00316,1024.08704,-339.61542,65.05094,1064.57117,-452.57852,-103.59168,1028.77124,-464.71622,21.5322,1037.27576,-506.49808,-119.89574,929.78406
3315,27.617,-313.51443,-139.00316,1024.08704,-340.12476,64.77704,1064.36804,-452.66953,-103.2855,1028.77502,-464.71622,21.5322,1037.27576,-506.70453,-119.79105,929.62579
3316,27.625,-313.51443,-139.00316,1024.08704,-339.61542,65.05094,1064.57117,-452.66953,-103.2855,1028.77502,-464.71622,21.5322,1037.27576,-506.70453,-119.79105,929.62579
3317,27.633,-313.51443,-139.00316,1024.08704,-340.12476,64.77704,1064.36804,-452.98975,-103.21427,1028.75879,-464.71622,21.5322,1037.27576,-506.70453,-119.79105,929.62579
3318,27.642,-313.51443,-139.00316,1024.08704,-340.12476,64.77704,1064.36804,-452.98975,-103.21427,1028.75879,-464.71622,21.5322,1037.27576,-506.70453,-119.79105,929.62579
3319,27.65,-313.51443,-139.00316,1024.08704,-340.12476,64.77704,1064.36804,-452.98975,-103.21427,1028.75879,-464.71622,21.5322,1037.27576,-506.7128,-119.97006,929.44421
3320,27.658,-313.64908,-138.80908,1023.96149,-340.12476,64.77704,1064.36804,-453.07809,-103.38576,1028.62646,-464.71622,21.5322,1037.27576,-506.5614,-119.76331,929.40961
3321,27.667,-313.51443,-139.00316,1024.08704,-340.12476,64.77704,1064.36804,-453.07809,-103.38576,1028.62646,-464.71622,21.5322,1037.27576,-506.78781,-119.76961,929.56012
3322,27.675,-313.51443,-139.00316,1024.08704,-340.12476,64.77704,1064.36804,-453.07809,-103.38576,1028.62646,-464.71622,21.5322,1037.27576,-506.78781,-119.76961,929.56012
3323,27.683,-313.64908,-138.80908,1023.96149,-340.12476,64.77704,1064.36804,-452.98975,-103.21427,1028.75879,-465.18985,21.64837,1037.14185,-506.69684,-119.88132,929.19727
3324,27.692,-313.64908,-138.80908,1023.96149,-340.12476,64.77704,1064.36804,-453.07809,-103.38576,1028.62646,-465.18985,21.64837,1037.14185,-506.69684,-119.88132,929.19727
3325,27.7,-313.64908,-138.80908,1023.96149,-340.12476,64.77704,1064.36804,-453.17111,-103.35011,1028.56433,-464.71622,21.5322,1037.27576,-506.51279,-119.83849,928.81104
3326,27.708,-313.64908,-138.80908,1023.96149,-340.12476,64.77704,1064.36804,-453.58713,-103.14352,1028.24536,-465.18985,21.64837,1037.14185,-506.66409,-119.84641,929.00702
3327,27.717,-313.64908,-138.80908,1023.96149,-340.12476,64.77704,1064.36804,-453.58713,-103.14352,1028.24536,-465.18985,21.64837,1037.14185,-506.79083,-119.65341,929.08813
3328,27.725,-313.64908,-138.80908,1023.96149,-340.12476,64.77704,1064.36804,-453.58713,-103.14352,1028.24536,-465.18985,21.64837,1037.14185,-506.71582,-119.85384,928.97229
3329,27.733,-313.64908,-138.80908,1023.96149,-340.12476,64.77704,1064.36804,-453.58713,-103.14352,1028.24536,-465.16132,21.61752,1036.95984,-506.71582,-119.85384,928.97229
3330,27.742,-313.64908,-138.80908,1023.96149,-340.12476,64.77704,1064.36804,-453.7038,-103.01983,1028.23083,-465.16132,21.61752,1036.95984,-506.41754,-119.65767,928.95587
3331,27.75,-313.64908,-138.80908,1023.96149,-340.12476,64.77704,1064.36804,-453.58713,-103.14352,1028.24536,-465.18985,21.64837,1037.14185,-506.41702,-119.15309,928.95782
3332,27.758,-313.64908,-138.80908,1023.96149,-340.12476,64.77704,1064.36804,-453.7038,-103.01983,1028.23083,-465.18985,21.64837,1037.14185,-506.88251,-119.38785,929.17737
3333,27.767,-313.64908,-138.80908,1023.96149,-340.12476,64.77704,1064.36804,-453.7038,-103.01983,1028.23083,-465.18985,21.64837,1037.14185,-506.79083,-119.65341,929.08813
3334,27.775,-313.64908,-138.80908,1023.96149,-340.12476,64.77704,1064.36804,-453.7038,-103.01983,1028.23083,-465.18985,21.64837,1037.14185,-506.71582,-119.85384,928.97229
3335,27.783,-313.85474,-138.73184,1023.87836,-340.12476,64.77704,1064.36804,-453.7038,-103.01983,1028.23083,-465.16132,21.61752,1036.95984,-506.71582,-119.85384,928.97229
3336,27.792,-313.85474,-138.73184,1023.87836,-340.12476,64.77704,1064.36804,-453.7038,-103.01983,1028.23083,-465.16132,21.61752,1036.95984,-506.34564,-119.7998,928.60797
3337,27.8,-313.64908,-138.80908,1023.96149,-340.12476,64.77704,1064.36804,-453.7038,-103.01983,1028.23083,-465.16132,21.61752,1036.95984,-506.66409,-119.84641,929.00702
3338,27.808,-313.85474,-138.73184,1023.87836,-340.12476,64.77704,1064.36804,-453.7038,-103.01983,1028.23083,-465.16132,21.61752,1036.95984,-506.88251,-119.38785,929.17737
3339,27.817,-313.86841,-138.77174,1023.79285,-340.12476,64.77704,1064.36804,-453.7038,-103.01983,1028.23083,-465.16132,21.61752,1036.95984,-506.79208,-120.06216,929.05237
3340,27.825,-313.85474,-138.73184,1023.87836,-340.12476,64.77704,1064.36804,-453.69559,-102.93619,1028.00781,-465.16132,21.61752,1036.95984,-506.79208,-120.06216,929.05237
3341,27.833,-314.04294,-138.6037,1023.90448,-340.12476,64.77704,1064.36804,-453.7038,-103.01983,1028.23083,-465.16132,21.61752,1036.95984,-506.54535,-119.81712,928.77301
3342,27.842,-313.85474,-138.73184,1023.87836,-340.12476,64.77704,1064.36804,-453.7038,-103.01983,1028.23083,-465.25381,21.6811,1036.81934,-506.58908,-120.04682,928.89117
3343,27.85,-314.04694,-138.65291,1023.81274,-340.12476,64.77704,1064.36804,-453.7038,-103.01983,1028.23083,-465.3519,21.71923,1036.75586,-506.72418,-120.08646,928.81195
3344,27.858,-314.04694,-138.65291,1023.81274,-340.12476,64.77704,1064.36804,-453.7038,-103.01983,1028.23083,-465.3519,21.71923,1036.75586,-506.92715,-120.10178,928.97321
3345,27.867,-314.04294,-138.6037,1023.90448,-340.12476,64.77704,1064.36804,-453.7038,-103.01983,1028.23083,-465.2594,21.65564,1036.89636,-506.92715,-120.10178,928.97321
3346,27.875,-314.04294,-138.6037,1023.90448,-340.12476,64.77704,1064.36804,-453.69559,-102.93619,1028.00781,-465.3519,21.71923,1036.75586,-506.47092,-119.86761,928.5553
3347,27.883,-314.04294,-138.6037,1023.90448,-340.12476,64.77704,1064.36804,-453.74698,-102.83014,1027.93701,-465.31113,21.93887,1036.17041,-506.84106,-119.92164,928.91962
3348,27.892,-314.04294,-138.6037,1023.90448,-340.12476,64.77704,1064.36804,-453.75519,-102.9138,1028.16003,-465.38046,21.7501,1036.93774,-507.00217,-119.90134,929.08905
3349,27.9,-314.04294,-138.6037,1023.90448,-340.41663,64.89378,1063.95752,-453.7038,-103.01983,1028.23083,-465.48807,21.87515,1036.39893,-506.95874,-119.59615,929.25745
3350,27.908,-314.04294,-138.6037,1023.90448,-340.12476,64.77704,1064.36804,-453.7038,-103.01983,1028.23083,-465.3519,21.71923,1036.75586,-506.8671,-119.86172,929.16827
3351,27.917,-314.04294,-138.6037,1023.90448,-340.12476,64.77704,1064.36804,-453.7038,-103.01983,1028.23083,-465.3519,21.71923,1036.75586,-506.79208,-120.06216,929.05237
3352,27.925,-314.04294,-138.6037,1023.90448,-340.41663,64.89378,1063.95752,-453.7038,-103.01983,1028.23083,-465.38046,21.7501,1036.93774,-506.79208,-120.06216,929.05237
3353,27.933,-314.04294,-138.6037,1023.90448,-340.41663,64.89378,1063.95752,-453.7038,-103.01983,1028.23083,-465.38046,21.7501,1036.93774,-506.8671,-119.86172,929.16827
3354,27.942,-314.04294,-138.6037,1023.90448,-340.12476,64.77704,1064.36804,-453.7038,-103.01983,1028.23083,-465.73206,21.22168,1037.07068,-506.8671,-119.86172,929.16827
3355,27.95,-314.04294,-138.6037,1023.90448,-340.12476,64.77704,1064.36804,-453.7038,-103.01983,1028.23083,-465.73206,21.22168,1037.07068,-506.79208,-120.06216,929.05237
3356,27.958,-314.04294,-138.6037,1023.90448,-340.41663,64.89378,1063.95752,-453.7038,-103.01983,1028.23083,-465.73206,21.22168,1037.07068,-506.79208,-120.06216,929.05237
3357,27.967,-314.04294,-138.6037,1023.90448,-340.41663,64.89378,1063.95752,-453.7038,-103.01983,1028.23083,-465.48157,21.73844,1036.84033,-506.79208,-120.06216,929.05237
3358,27.975,-314.04294,-138.6037,1023.90448,-340.41663,64.89378,1063.95752,-453.7038,-103.01983,1028.23083,-465.38046,21.7501,1036.93774,-506.8671,-119.86172,929.16827
3359,27.983,-314.04294,-138.6037,1023.90448,-340.41663,64.89378,1063.95752,-453.7038,-103.01983,1028.23083,-465.48157,21.73844,1036.84033,-506.79208,-120.06216,929.05237
3360,27.992,-314.04294,-138.6037,1023.90448,-340.41663,64.89378,1063.95752,-453.7038,-103.01983,1028.23083,-465.86298,21.058,1036.89294,-506.92715,-120.10178,928.97321
3361,28,-314.04294,-138.6037,1023.90448,-340.41663,64.89378,1063.95752,-453.7038,-103.01983,1028.23083,-465.95728,21.20532,1036.82202,-506.92715,-120.10178,928.97321
3362,28.008,-314.04294,-138.6037,1023.90448,-340.41663,64.89378,1063.95752,-453.7038,-103.01983,1028.23083,-465.86298,21.058,1036.89294,-506.92715,-120.10178,928.97321
3363,28.017,-314.33923,-138.10155,1023.96844,-341.0871,65.02667,1064.05444,-453.75519,-102.9138,1028.16003,-465.86298,21.058,1036.89294,-506.84946,-120.27967,928.90869
3364,28.025,-314.33923,-138.10155,1023.96844,-341.0871,65.02667,1064.05444,-453.75519,-102.9138,1028.16003,-466.14664,21.36732,1036.36572,-506.92715,-120.10178,928.97321
3365,28.033,-314.33923,-138.10155,1023.96844,-341.0871,65.02667,1064.05444,-453.88943,-102.67825,1027.99768,-465.79178,21.42896,1036.38318,-507.00217,-119.90134,929.08905
3366,28.042,-314.33923,-138.10155,1023.96844,-341.0871,65.02667,1064.05444,-453.88943,-102.67825,1027.99768,-465.97757,21.16794,1036.52893,-506.92715,-120.10178,928.97321
3367,28.05,-314.33923,-138.10155,1023.96844,-341.0871,65.02667,1064.05444,-453.98737,-102.61201,1027.85986,-466.01056,21.21135,1036.72253,-506.92715,-120.10178,928.97321
3368,28.058,-314.33923,-138.10155,1023.96844,-341.0871,65.02667,1064.05444,-453.92316,-102.76771,1027.92212,-466.14664,21.36732,1036.36572,-506.92715,-120.10178,928.97321
3369,28.067,-314.33923,-138.10155,1023.96844,-341.0871,65.02667,1064.05444,-453.98737,-102.61201,1027.85986,-466.14664,21.36732,1036.36572,-506.92715,-120.10178,928.97321
3370,28.075,-314.33923,-138.10155,1023.96844,-341.0871,65.02667,1064.05444,-453.98737,-102.61201,1027.85986,-466.31094,21.30108,1036.33008,-506.92715,-120.10178,928.97321
3371,28.083,-314.33923,-138.10155,1023.96844,-341.0871,65.02667,1064.05444,-454.02109,-102.70146,1027.78418,-466.24045,21.15832,1036.2771,-507.09381,-119.63578,929.17828
3372,28.092,-314.33923,-138.10155,1023.96844,-341.0871,65.02667,1064.05444,-454.02109,-102.70146,1027.78418,-466.24045,21.15832,1036.2771,-507.09381,-119.63578,929.17828
3373,28.1,-314.33923,-138.10155,1023.96844,-341.0871,65.02667,1064.05444,-454.02109,-102.70146,1027.78418,-466.22809,21.15115,1036.58752,-507.09381,-119.63578,929.17828
3374,28.108,-314.33923,-138.10155,1023.96844,-341.0871,65.02667,1064.05444,-453.98737,-102.61201,1027.85986,-466.22809,21.15115,1036.58752,-507.09381,-119.63578,929.17828
3375,28.117,-314.33923,-138.10155,1023.96844,-341.0871,65.02667,1064.05444,-454.02109,-102.70146,1027.78418,-466.22809,21.15115,1036.58752,-506.92715,-120.10178,928.97321
3376,28.125,-314.33923,-138.10155,1023.96844,-342.09329,64.9131,1063.76746,-454.02109,-102.70146,1027.78418,-466.48236,21.14453,1036.21912,-506.92715,-120.10178,928.97321
3377,28.133,-314.33923,-138.10155,1023.96844,-341.58395,65.18706,1063.97046,-454.02109,-102.70146,1027.78418,-466.34628,20.98855,1036.57593,-507.03976,-119.91674,928.80359
3378,28.142,-314.47394,-137.9075,1023.8429,-341.58395,65.18706,1063.97046,-454.37857,-102.69308,1027.80017,-466.48236,21.14453,1036.21912,-507.03976,-119.91674,928.80359
3379,28.15,-314.47394,-137.9075,1023.8429,-342.09329,64.9131,1063.76746,-454.37857,-102.69308,1027.80017,-466.48236,21.14453,1036.21912,-506.92715,-120.10178,928.97321
3380,28.158,-314.47394,-137.9075,1023.8429,-342.74878,64.40714,1063.80737,-454.37857,-102.69308,1027.80017,-466.48236,21.14453,1036.21912,-507.26736,-119.8808,928.82281
3381,28.167,-314.69962,-137.80392,1023.78528,-342.74878,64.40714,1063.80737,-454.49384,-102.82642,1027.78955,-466.48236,21.14453,1036.21912,-507.52139,-119.58858,928.77496
3382,28.175,-314.69055,-137.86215,1023.69153,-342.74878,64.40714,1063.80737,-454.49384,-102.82642,1027.78955,-466.38336,21.21906,1036.01062,-507.35474,-120.05448,928.56989
3383,28.183,-314.69962,-137.80392,1023.78528,-342.74878,64.40714,1063.80737,-454.64526,-102.98171,1027.76428,-466.48236,21.14453,1036.21912,-507.35474,-120.05448,928.56989
3384,28.192,-314.69962,-137.80392,1023.78528,-342.74878,64.40714,1063.80737,-454.64526,-102.98171,1027.76428,-466.48236,21.14453,1036.21912,-507.53296,-120.18389,928.51758
3385,28.2,-314.69962,-137.80392,1023.78528,-342.74878,64.40714,1063.80737,-454.64526,-102.98171,1027.76428,-466.38336,21.21906,1036.01062,-507.53296,-120.18389,928.51758
3386,28.208,-314.86136,-137.68307,1023.82697,-342.74878,64.40714,1063.80737,-454.64526,-102.98171,1027.76428,-466.51083,21.69324,1036.08862,-507.62729,-119.90744,928.60236
3387,28.217,-314.86136,-137.68307,1023.82697,-342.74878,64.40714,1063.80737,-454.64526,-102.98171,1027.76428,-466.64716,21.5016,1036.04102,-507.62729,-119.90744,928.60236
3388,28.225,-314.86136,-137.68307,1023.82697,-342.74878,64.40714,1063.80737,-454.64526,-102.98171,1027.76428,-467.07236,21.57821,1035.88953,-507.62729,-119.90744,928.60236
3389,28.233,-314.86136,-137.68307,1023.82697,-342.74878,64.40714,1063.80737,-454.6105,-102.7028,1027.77502,-467.19986,21.7393,1035.89246,-507.67352,-120.07526,928.30902
3390,28.242,-314.95383,-137.43782,1023.81445,-342.74878,64.40714,1063.80737,-454.76193,-102.8581,1027.74976,-467.07233,21.26514,1035.81445,-507.35474,-120.05448,928.56989
3391,28.25,-314.95383,-137.43782,1023.81445,-343.33353,64.44772,1064.08252,-454.76193,-102.8581,1027.74976,-466.82794,21.66867,1035.94446,-507.53296,-120.18389,928.51758
3392,28.258,-314.95383,-137.43782,1023.81445,-343.33353,64.44772,1064.08252,-454.94632,-102.88411,1027.91431,-467.26498,21.69289,1035.79529,-507.62729,-119.90744,928.60236
3393,28.267,-314.95383,-137.43782,1023.81445,-343.33353,64.44772,1064.08252,-455.40527,-102.50201,1028.04358,-467.48288,21.93221,1036.05359,-507.4491,-119.77802,928.65466
3394,28.275,-315.07391,-137.42111,1024.01501,-343.33353,64.44772,1064.08252,-455.02829,-102.73431,1027.95447,-467.43497,21.80807,1035.82471,-507.4491,-119.77802,928.65466
3395,28.283,-314.95383,-137.43782,1023.81445,-343.33353,64.44772,1064.08252,-455.02829,-102.73431,1027.95447,-467.45404,22.0953,1035.86743,-507.62729,-119.90744,928.60236
3396,28.292,-314.95383,-137.43782,1023.81445,-343.33353,64.44772,1064.08252,-455.40527,-102.50201,1028.04358,-467.548,21.8858,1035.95654,-507.62729,-119.90744,928.60236
3397,28.3,-314.95383,-137.43782,1023.81445,-343.33353,64.44772,1064.08252,-455.40527,-102.50201,1028.04358,-467.548,21.8858,1035.95654,-507.94333,-119.72469,928.54773
3398,28.308,-314.95383,-137.43782,1023.81445,-343.33353,64.44772,1064.08252,-455.60669,-102.81957,1027.95325,-467.89441,22.23569,1035.92651,-507.76788,-119.79881,928.39374
3399,28.317,-315.07391,-137.42111,1024.01501,-343.33353,64.44772,1064.08252,-455.40527,-102.50201,1028.04358,-467.9014,22.19799,1036.02686,-507.99939,-119.92377,928.46008
3400,28.325,-315.07391,-137.42111,1024.01501,-343.33353,64.44772,1064.08252,-455.34869,-102.66357,1027.93823,-467.548,21.8858,1035.95654,-507.99939,-119.92377,928.46008
3401,28.333,-315.07391,-137.42111,1024.01501,-343.33353,64.44772,1064.08252,-455.60178,-102.36496,1027.73669,-467.70584,22.01642,1035.95581,-508.23462,-119.8959,928.52454
3402,28.342,-315.31693,-137.28326,1023.99994,-344.36523,65.40932,1064.39038,-455.70917,-102.33616,1027.17896,-468.0535,22.35979,1035.9425,-508.3989,-119.78213,928.69617
3403,28.35,-315.65991,-137.30585,1024.05078,-345.0145,65.53008,1064.50525,-455.71054,-102.01936,1027.58691,-468.53705,22.33079,1035.90405,-508.23462,-119.8959,928.52454
3404,28.358,-315.65991,-137.30585,1024.05078,-345.0145,65.53008,1064.50525,-456.20764,-102.35326,1027.51428,-468.53705,22.33079,1035.90405,-508.3989,-119.78213,928.69617
3405,28.367,-315.78003,-137.23477,1024.1814,-345.0145,65.53008,1064.50525,-456.20764,-102.35326,1027.51428,-468.71667,22.46593,1035.90588,-508.3989,-119.78213,928.69617
3406,28.375,-315.98291,-137.17851,1024.31104,-345.0145,65.53008,1064.50525,-456.20764,-102.35326,1027.51428,-468.61792,22.65025,1035.74329,-508.3989,-119.78213,928.69617
3407,28.383,-316.12726,-137.09744,1024.52051,-345.0145,65.53008,1064.50525,-456.28122,-102.33827,1027.45459,-468.92953,22.96308,1035.77502,-508.3989,-119.78213,928.69617
3408,28.392,-316.12726,-137.09744,1024.52051,-345.19025,66.4125,1064.40112,-456.65985,-101.82937,1027.44324,-469.07401,23.07465,1035.53516,-509.20273,-119.5747,928.61304
3409,28.4,-316.37857,-136.95079,1024.68286,-345.19025,66.4125,1064.40112,-456.91595,-101.56573,1027.31384,-469.24399,23.19003,1035.56458,-509.45758,-119.01041,928.57709
3410,28.408,-316.87738,-137.12941,1024.80835,-345.19025,66.4125,1064.40112,-457.36551,-101.12628,1027.26685,-469.2139,23.24818,1035.35071,-509.45758,-119.01041,928.57709
3411,28.417,-316.65335,-136.92151,1024.79163,-345.19025,66.4125,1064.40112,-457.81335,-101.62199,1027.2843,-469.2139,23.24818,1035.35071,-509.49231,-118.80826,928.35614
3412,28.425,-317.12042,-136.99152,1024.79333,-345.19025,66.4125,1064.40112,-457.80173,-101.44438,1027.33765,-469.40262,22.98832,1035.33228,-509.63306,-118.6999,928.14746
3413,28.433,-317.12042,-136.99152,1024.79333,-345.19025,66.4125,1064.40112,-457.80173,-101.44438,1027.33765,-469.32336,23.16128,1035.29626,-509.63306,-118.6999,928.14746
3414,28.442,-317.34262,-136.88705,1024.74121,-345.19025,66.4125,1064.40112,-458.20697,-101.18238,1027.39221,-469.32336,23.16128,1035.29626,-509.84879,-118.45993,928.12433
3415,28.45,-317.50162,-137.06873,1024.81848,-345.19025,66.4125,1064.40112,-458.36972,-101.18527,1027.48438,-469.2818,23.29771,1035.45154,-510.12134,-118.41328,928.21643
3416,28.458,-317.50162,-137.06873,1024.81848,-345.19025,66.4125,1064.40112,-458.36972,-101.18527,1027.48438,-469.36877,23.61205,1035.52576,-509.88004,-118.7241,928.20825
3417,28.467,-317.50162,-137.06873,1024.81848,-345.19025,66.4125,1064.40112,-458.36972,-101.18527,1027.48438,-469.41034,23.47564,1035.37061,-510.15375,-118.54369,928.133
3418,28.475,-317.6293,-136.86888,1024.83704,-345.19025,66.4125,1064.40112,-458.36972,-101.18527,1027.48438,-469.452,23.33944,1035.21533,-510.15375,-118.54369,928.133
3419,28.483,-317.74539,-137.13229,1024.78687,-345.19025,66.4125,1064.40112,-458.36972,-101.18527,1027.48438,-469.55151,23.89301,1035.33411,-510.0835,-118.68722,927.91498
3420,28.492,-317.7926,-137.27182,1024.70715,-345.19025,66.4125,1064.40112,-458.36972,-101.18527,1027.48438,-469.55151,23.89301,1035.33411,-510.15375,-118.54369,928.133
3421,28.5,-317.74539,-137.13229,1024.78687,-345.19025,66.4125,1064.40112,-458.43225,-101.05602,1027.52698,-469.66833,24.37726,1035.27795,-510.15375,-118.54369,928.133
3422,28.508,-318.02048,-137.12755,1024.74792,-345.19025,66.4125,1064.40112,-458.43225,-101.05602,1027.52698,-469.66833,24.37726,1035.27795,-510.27823,-118.1436,928.15399
3423,28.517,-318.32181,-137.17067,1024.75952,-345.19025,66.4125,1064.40112,-458.43225,-101.05602,1027.52698,-469.66833,24.37726,1035.27795,-510.27823,-118.1436,928.15399
3424,28.525,-318.32181,-137.17067,1024.75952,-345.19025,66.4125,1064.40112,-458.43225,-101.05602,1027.52698,-469.50992,24.02939,1035.48926,-510.15375,-118.54369,928.133
3425,28.533,-318.49625,-137.21985,1024.82227,-345.19025,66.4125,1064.40112,-458.64868,-101.03687,1027.59045,-469.80652,23.6613,1035.50574,-510.15375,-118.54369,928.133
3426,28.542,-318.67514,-137.41403,1024.88318,-345.19025,66.4125,1064.40112,-458.96866,-101.16096,1027.54724,-470.0177,24.29353,1035.37891,-510.15375,-118.54369,928.133
3427,28.55,-318.83621,-137.61534,1024.99414,-345.19025,66.4125,1064.40112,-458.96866,-101.16096,1027.54724,-470.07547,24.45642,1035.4491,-510.36221,-118.14179,928.07214
3428,28.558,-319.25327,-137.76868,1025.00549,-345.19025,66.4125,1064.40112,-459.10547,-100.94977,1027.82178,-470.16196,24.62277,1035.495,-510.34256,-117.97665,928.06879
3429,28.567,-319.1915,-137.62305,1025.06958,-345.19025,66.4125,1064.40112,-458.98407,-100.81228,1027.72192,-470.11884,24.93464,1035.46545,-510.42654,-117.97484,927.987
3430,28.575,-319.37878,-137.49185,1025.10254,-345.19025,66.4125,1064.40112,-458.98407,-100.81228,1027.72192,-470.10141,24.66644,1035.45569,-510.42654,-117.97484,927.987
3431,28.583,-319.45358,-137.3396,1025.24915,-345.19025,66.4125,1064.40112,-459.56641,-100.97087,1027.74475,-470.40393,24.69128,1035.47278,-510.42654,-117.97484,927.987
3432,28.592,-319.45358,-137.3396,1025.24915,-345.64532,66.42055,1064.6748,-459.84033,-100.89308,1027.93091,-470.30585,24.65327,1035.53625,-510.42654,-117.97484,927.987
3433,28.6,-319.45358,-137.3396,1025.24915,-345.80167,66.7534,1064.50354,-459.68304,-100.8473,1027.73022,-470.40393,24.69128,1035.47278,-510.42654,-117.97484,927.987
3434,28.608,-319.45358,-137.3396,1025.24915,-346.47232,66.88668,1064.60095,-459.84033,-100.89308,1027.93091,-470.58588,24.58012,1035.5144,-510.42654,-117.97484,927.987
3435,28.617,-319.45358,-137.3396,1025.24915,-346.47232,66.88668,1064.60095,-459.84033,-100.89308,1027.93091,-470.58096,24.62701,1035.70154,-510.42654,-117.97484,927.987
3436,28.625,-319.45358,-137.3396,1025.24915,-346.47232,66.88668,1064.60095,-459.84033,-100.89308,1027.93091,-470.76291,24.51592,1035.74316,-510.50699,-117.67516,927.8974
3437,28.633,-319.45358,-137.3396,1025.24915,-346.96936,67.04738,1064.51746,-459.84033,-100.89308,1027.93091,-470.76291,24.51592,1035.74316,-510.50699,-117.67516,927.8974
3438,28.642,-319.43729,-137.2919,1025.35144,-346.96936,67.04738,1064.51746,-459.84033,-100.89308,1027.93091,-470.58588,24.58012,1035.5144,-510.42654,-117.97484,927.987
3439,28.65,-319.43729,-137.2919,1025.35144,-346.96936,67.04738,1064.51746,-459.84033,-100.89308,1027.93091,-470.76291,24.51592,1035.74316,-510.42654,-117.97484,927.987
3440,28.658,-319.69147,-137.24564,1025.47961,-346.47232,66.88668,1064.60095,-460.16864,-100.57537,1027.25989,-470.76291,24.51592,1035.74316,-510.42654,-117.97484,927.987
3441,28.667,-319.69147,-137.24564,1025.47961,-346.47232,66.88668,1064.60095,-460.07062,-100.64233,1027.39746,-471.15091,24.45164,1035.44055,-510.92978,-117.74875,928.13849
3442,28.675,-319.69147,-137.24564,1025.47961,-346.3161,66.55395,1064.77222,-460.16864,-100.57537,1027.25989,-471.15091,24.45164,1035.44055,-510.92978,-117.74875,928.13849
3443,28.683,-319.69147,-137.24564,1025.47961,-346.3161,66.55395,1064.77222,-460.16864,-100.57537,1027.25989,-471.23917,24.57289,1035.79602,-510.8071,-117.43372,927.88757
3444,28.692,-319.69147,-137.24564,1025.47961,-346.3161,66.55395,1064.77222,-460.03427,-100.69048,1027.49036,-471.23917,24.57289,1035.79602,-511.01028,-117.44904,928.04895
3445,28.7,-319.69147,-137.24564,1025.47961,-346.81323,66.71475,1064.68884,-460.16864,-100.57537,1027.25989,-471.23917,24.57289,1035.79602,-510.83087,-117.56627,928.25842
3446,28.708,-319.94562,-137.19942,1025.60779,-346.81323,66.71475,1064.68884,-460.16864,-100.57537,1027.25989,-471.25482,24.43872,1035.54565,-511.01434,-117.56656,927.95142
3447,28.717,-319.94562,-137.19942,1025.60779,-346.81323,66.71475,1064.68884,-460.45645,-100.54105,1027.31982,-471.25482,24.43872,1035.54565,-511.01028,-117.44904,928.04895
3448,28.725,-320.12344,-137.0782,1025.6333,-346.81323,66.71475,1064.68884,-460.16864,-100.57537,1027.25989,-471.23917,24.57289,1035.79602,-511.01028,-117.44904,928.04895
3449,28.733,-320.06903,-137.43591,1025.92639,-346.81323,66.71475,1064.68884,-460.16864,-100.57537,1027.25989,-471.43677,24.32752,1035.58728,-511.01028,-117.44904,928.04895
3450,28.742,-320.44061,-137.69829,1026.20642,-347.39835,66.75591,1064.96448,-460.45645,-100.54105,1027.31982,-471.43677,24.32752,1035.58728,-511.01434,-117.56656,927.95142
3451,28.75,-320.44061,-137.69829,1026.20642,-347.35513,67.3932,1065.08057,-460.66757,-100.46651,1027.2345,-471.70746,24.35219,1035.61694,-511.01028,-117.44904,928.04895
3452,28.758,-320.44061,-137.69829,1026.20642,-347.35513,67.3932,1065.08057,-460.75345,-100.31955,1027.26868,-472.09329,24.49891,1035.36841,-511.01028,-117.44904,928.04895
3453,28.767,-320.92505,-137.49583,1026.79333,-347.39835,66.75591,1064.96448,-460.75345,-100.31955,1027.26868,-472.05298,24.26974,1035.28442,-511.01028,-117.44904,928.04895
3454,28.775,-321.21838,-137.50497,1026.85181,-347.35513,67.3932,1065.08057,-460.8663,-100.19307,1027.26025,-472.31836,24.62174,1035.12561,-511.01028,-117.44904,928.04895
3455,28.783,-321.21838,-137.50497,1026.85181,-347.35513,67.3932,1065.08057,-460.95764,-99.88696,1027.26379,-472.66312,24.33091,1035.18286,-511.01434,-117.56656,927.95142
3456,28.792,-321.46228,-137.56857,1026.82019,-347.35513,67.3932,1065.08057,-460.95764,-99.88696,1027.26379,-472.82388,24.0521,1035.15833,-511.06015,-117.38663,927.78668
3457,28.8,-321.46228,-137.56857,1026.82019,-347.35513,67.3932,1065.08057,-460.95764,-99.88696,1027.26379,-472.66312,24.33091,1035.18286,-511.06015,-117.38663,927.78668
3458,28.808,-321.46228,-137.56857,1026.82019,-348.09964,66.84904,1064.81299,-460.95764,-99.88696,1027.26379,-472.66312,24.33091,1035.18286,-511.06424,-117.50414,927.68915
3459,28.817,-321.46228,-137.56857,1026.82019,-348.24988,66.54404,1065.48364,-460.95764,-99.88696,1027.26379,-472.66312,24.33091,1035.18286,-511.06424,-117.50414,927.68915
3460,28.825,-321.46228,-137.56857,1026.82019,-348.09964,66.84904,1064.81299,-460.95764,-99.88696,1027.26379,-472.66312,24.33091,1035.18286,-511.07181,-117.40668,927.43121
3461,28.833,-321.46228,-137.56857,1026.82019,-348.24988,66.54404,1065.48364,-461.35031,-100.08555,1027.3479,-472.82388,24.0521,1035.15833,-511.16669,-117.58719,927.28656
3462,28.842,-321.46228,-137.56857,1026.82019,-348.24988,66.54404,1065.48364,-461.75574,-99.82239,1027.40271,-472.82388,24.0521,1035.15833,-511.15405,-117.56629,927.12982
3463,28.85,-321.58743,-137.58902,1026.9884,-349.10828,66.59881,1066.08923,-461.75574,-99.82239,1027.40271,-472.82388,24.0521,1035.15833,-511.4227,-117.44828,926.97034
3464,28.858,-321.58743,-137.58902,1026.9884,-350.00732,66.15979,1066.58032,-461.75574,-99.82239,1027.40271,-472.82388,24.0521,1035.15833,-511.4227,-117.44828,926.97034
3465,28.867,-321.5647,-137.56673,1026.97803,-349.23672,66.00497,1066.28784,-462.09854,-100.05096,1027.03101,-472.82388,24.0521,1035.15833,-511.79422,-117.36462,926.96362
3466,28.875,-321.5647,-137.56673,1026.97803,-349.09583,65.5895,1066.46362,-461.84723,-100.08687,1026.99414,-472.82388,24.0521,1035.15833,-511.90759,-117.62895,926.87177
3467,28.883,-321.5647,-137.56673,1026.97803,-349.86655,65.74445,1066.7561,-462.09854,-100.05096,1027.03101,-472.82388,24.0521,1035.15833,-512.27911,-117.54549,926.86505
3468,28.892,-321.5647,-137.56673,1026.97803,-349.86655,65.74445,1066.7561,-462.08029,-99.46214,1027.11841,-472.82388,24.0521,1035.15833,-511.90759,-117.62895,926.87177
3469,28.9,-321.5647,-137.56673,1026.97803,-349.86655,65.74445,1066.7561,-462.21722,-99.8474,1026.92725,-472.82388,24.0521,1035.15833,-511.90759,-117.62895,926.87177
3470,28.908,-321.5647,-137.56673,1026.97803,-349.86655,65.74445,1066.7561,-462.21722,-99.8474,1026.92725,-472.82388,24.0521,1035.15833,-512.27911,-117.54549,926.86505
3471,28.917,-321.901,-137.58516,1027.08801,-349.86655,65.74445,1066.7561,-462.21722,-99.8474,1026.92725,-472.82388,24.0521,1035.15833,-512.27911,-117.54549,926.86505
3472,28.925,-322.20816,-137.57294,1027.22986,-349.86655,65.74445,1066.7561,-462.56155,-99.71928,1026.77051,-472.82388,24.0521,1035.15833,-512.27911,-117.54549,926.86505
3473,28.933,-321.75989,-137.84514,1027.39404,-349.86655,65.74445,1066.7561,-462.6405,-99.20865,1026.68591,-472.66312,24.33091,1035.18286,-512.24396,-117.13618,926.94513
3474,28.942,-321.71762,-138.12177,1027.42603,-349.5838,65.55099,1066.97571,-462.38828,-99.73425,1026.71973,-472.82388,24.0521,1035.15833,-512.33862,-117.31663,926.80054
3475,28.95,-321.75989,-137.84514,1027.39404,-349.64749,65.41535,1067.35632,-462.65863,-99.79751,1026.59863,-472.82388,24.0521,1035.15833,-512.33862,-117.31663,926.80054
3476,28.958,-321.75989,-137.84514,1027.39404,-349.64749,65.41535,1067.35632,-462.17206,-100.03602,1026.97144,-472.82388,24.0521,1035.15833,-512.27911,-117.54549,926.86505
3477,28.967,-321.71762,-138.12177,1027.42603,-349.64749,65.41535,1067.35632,-462.21722,-99.8474,1026.92725,-472.82388,24.0521,1035.15833,-511.97974,-117.42103,926.96399
3478,28.975,-321.38141,-138.10333,1027.31592,-349.64749,65.41535,1067.35632,-462.01053,-99.88026,1027.16296,-472.82388,24.0521,1035.15833,-511.53745,-117.40825,927.44867
3479,28.983,-321.38141,-138.10333,1027.31592,-349.13974,65.76398,1067.58667,-461.97235,-99.80367,1027.46606,-472.82388,24.0521,1035.15833,-511.17358,-117.65103,927.69482
3480,28.992,-321.38141,-138.10333,1027.31592,-349.14035,65.59969,1067.94067,-461.97235,-99.80367,1027.46606,-472.82388,24.0521,1035.15833,-511.62497,-117.3232,928.04132
3481,29,-321.38141,-138.10333,1027.31592,-349.47934,65.20329,1068.14124,-461.98389,-99.98111,1027.41284,-472.66312,24.33091,1035.18286,-511.07281,-117.40759,927.94348
3482,29.008,-321.38141,-138.10333,1027.31592,-349.47934,65.20329,1068.14124,-461.98389,-99.98111,1027.41284,-472.66312,24.33091,1035.18286,-511.62497,-117.3232,928.04132
3483,29.017,-321.19037,-138.17322,1027.38196,-349.47934,65.20329,1068.14124,-461.79398,-101.05307,1026.98779,-472.66312,24.33091,1035.18286,-511.07281,-117.40759,927.94348
3484,29.025,-320.97311,-138.1362,1027.64355,-348.58224,65.0526,1068.38147,-461.90549,-100.55145,1027.39929,-472.82388,24.0521,1035.15833,-511.01028,-117.44904,928.04895
3485,29.033,-320.97311,-138.1362,1027.64355,-349.19818,64.37191,1068.49304,-461.67023,-100.69357,1027.24768,-472.82388,24.0521,1035.15833,-510.95584,-117.11539,928.22015
3486,29.042,-320.97311,-138.1362,1027.64355,-348.51025,64.18713,1068.34302,-461.67023,-100.69357,1027.24768,-472.66312,24.33091,1035.18286,-511.01028,-117.44904,928.04895
3487,29.05,-321.07172,-138.21339,1027.70996,-348.51025,64.18713,1068.34302,-461.67023,-100.69357,1027.24768,-472.66312,24.33091,1035.18286,-511.01028,-117.44904,928.04895
3488,29.058,-321.04932,-138.57106,1027.99585,-348.90768,64.42905,1069.28601,-461.67242,-100.83698,1027.36609,-472.47992,24.69142,1035.60461,-510.95584,-117.11539,928.22015
3489,29.067,-320.99731,-138.61742,1028.08997,-348.51025,64.18713,1068.34302,-461.74869,-100.40071,1027.48096,-472.57361,24.48183,1035.51587,-510.95584,-117.11539,928.22015
3490,29.075,-321.01993,-138.64116,1028.09863,-348.51025,64.18713,1068.34302,-462.00131,-100.40542,1027.58447,-472.77844,24.09971,1035.42285,-510.95584,-117.11539,928.22015
3491,29.083,-321.19647,-138.78542,1028.17664,-348.30228,64.17325,1069.7135,-461.70648,-100.27762,1027.38757,-472.77844,24.09971,1035.42285,-510.95584,-117.11539,928.22015
3492,29.092,-321.10123,-138.68565,1028.30176,-348.79953,64.33391,1069.62976,-461.81335,-100.1778,1027.38025,-472.33527,24.58012,1035.84473,-510.74078,-117.13189,928.51324
3493,29.1,-321.10123,-138.68565,1028.30176,-348.30228,64.17325,1069.7135,-461.67865,-100.40313,1027.49927,-472.33527,24.58012,1035.84473,-510.77643,-117.23261,928.42969
3494,29.108,-321.10123,-138.68565,1028.30176,-348.30228,64.17325,1069.7135,-461.81461,-100.08675,1027.60229,-472.33527,24.58012,1035.84473,-510.77643,-117.23261,928.42969
3495,29.117,-321.09396,-138.69617,1028.27942,-348.30228,64.17325,1069.7135,-461.52975,-100.84248,1027.82837,-472.60532,23.95756,1035.4812,-510.77643,-117.23261,928.42969
3496,29.125,-321.09396,-138.69617,1028.27942,-348.30228,64.17325,1069.7135,-461.81897,-99.74394,1027.51355,-472.47992,24.69142,1035.60461,-510.74078,-117.13189,928.51324
3497,29.133,-321.19647,-138.78542,1028.17664,-348.30228,64.17325,1069.7135,-461.81897,-99.74394,1027.51355,-472.57361,24.48183,1035.51587,-510.69595,-117.53234,928.51917
3498,29.142,-321.19647,-138.78542,1028.17664,-348.40433,63.90906,1070.29456,-461.81897,-99.74394,1027.51355,-472.42896,24.37053,1035.75598,-510.77643,-117.23261,928.42969
3499,29.15,-320.84811,-138.76918,1028.53198,-348.40433,63.90906,1070.29456,-461.81897,-99.74394,1027.51355,-472.17578,24.08458,1035.9209,-510.77643,-117.23261,928.42969
3500,29.158,-320.8631,-138.74762,1028.57825,-348.40433,63.90906,1070.29456,-461.64594,-99.82312,1027.67444,-471.96884,24.0645,1035.75391,-510.74078,-117.13189,928.51324
3501,29.167,-320.82877,-138.86116,1028.74133,-348.40433,63.90906,1070.29456,-461.64594,-99.82312,1027.67444,-472.04694,23.9891,1035.91565,-510.77643,-117.23261,928.42969
3502,29.175,-320.82877,-138.86116,1028.74133,-348.40433,63.90906,1070.29456,-461.26291,-101.09325,1027.97119,-471.95322,24.19869,1036.00439,-510.69595,-117.53234,928.51917
3503,29.183,-320.64175,-138.9364,1028.80762,-348.40433,63.90906,1070.29456,-461.26291,-101.09325,1027.97119,-471.95322,24.19869,1036.00439,-510.57635,-117.4334,928.68457
3504,29.192,-320.64175,-138.9364,1028.80762,-348.40433,63.90906,1070.29456,-461.02719,-101.19496,1028.11365,-472.25189,23.60689,1035.82239,-510.57635,-117.4334,928.68457
3505,29.2,-320.27972,-139.05988,1028.96228,-348.40433,63.90906,1070.29456,-461.26291,-101.09325,1027.97119,-472.52255,23.92987,1035.7417,-510.40619,-117.50407,928.39844
3506,29.208,-320.50531,-139.11539,1028.93774,-348.40433,63.90906,1070.29456,-461.36584,-101.17393,1028.16431,-472.61621,23.72032,1035.65308,-510.612,-117.53413,928.60101
3507,29.217,-320.50531,-139.11539,1028.93774,-348.40433,63.90906,1070.29456,-461.26291,-101.09325,1027.97119,-472.42691,23.96831,1035.49585,-510.57635,-117.4334,928.68457
3508,29.225,-320.10471,-139.30167,1029.23572,-347.87357,64.16377,1070.56567,-461.13013,-101.27563,1028.30676,-471.76807,24.00865,1035.7688,-510.37054,-117.40334,928.48199
3509,29.233,-320.33026,-139.35719,1029.2113,-348.50256,63.90625,1070.94604,-461.02719,-101.19496,1028.11365,-471.76807,24.00865,1035.7688,-510.40619,-117.50407,928.39844
3510,29.242,-320.60669,-139.34669,1029.29382,-347.80133,64.02154,1071.40442,-461.02963,-101.607,1028.2821,-471.7662,23.60637,1035.50867,-510.30942,-117.54059,928.56702
3511,29.25,-321.00073,-139.45273,1029.66345,-348.00519,63.69721,1071.04749,-461.26535,-101.50533,1028.13977,-471.78366,23.87445,1035.51843,-510.37054,-117.40334,928.48199
3512,29.258,-321.18066,-139.39474,1029.79065,-347.80133,64.02154,1071.40442,-461.34338,-101.32082,1027.76965,-472.06253,23.8549,1035.66528,-510.34186,-117.67104,928.48364
3513,29.267,-321.18066,-139.39474,1029.79065,-347.80133,64.02154,1071.40442,-461.46619,-101.09692,1028.08044,-471.65689,23.95017,1035.84778,-510.30942,-117.54059,928.56702
3514,29.275,-320.91058,-139.34731,1029.7926,-347.80133,64.02154,1071.40442,-461.04947,-101.30241,1028.39978,-471.85089,23.80516,1035.58264,-510.37054,-117.40334,928.48199
3515,29.283,-321.25839,-139.03163,1029.75818,-347.80133,64.02154,1071.40442,-461.13013,-101.27563,1028.30676,-471.67249,23.81596,1035.59729,-510.30942,-117.54059,928.56702
3516,29.292,-321.54034,-139.08369,1029.74097,-347.30411,63.86096,1071.48816,-461.04947,-101.30241,1028.39978,-471.68994,24.08407,1035.60718,-510.38989,-117.24082,928.47748
3517,29.3,-321.39322,-139.09155,1029.96301,-347.30411,63.86096,1071.48816,-461.04947,-101.30241,1028.39978,-471.67432,24.21826,1035.85754,-510.30942,-117.54059,928.56702
3518,29.308,-321.39322,-139.09155,1029.96301,-347.30411,63.86096,1071.48816,-461.04947,-101.30241,1028.39978,-471.68994,24.08407,1035.60718,-510.38989,-117.24082,928.47748
3519,29.317,-321.39322,-139.09155,1029.96301,-347.30411,63.86096,1071.48816,-461.04947,-101.30241,1028.39978,-471.40182,23.79126,1035.56775,-510.30942,-117.54059,928.56702
3520,29.325,-321.1113,-139.03947,1029.9801,-347.30411,63.86096,1071.48816,-461.04947,-101.30241,1028.39978,-471.40182,23.79126,1035.56775,-510.30942,-117.54059,928.56702
3521,29.333,-321.06888,-139.15919,1030.19397,-347.30411,63.86096,1071.48816,-460.94897,-101.63379,1028.37524,-471.53995,23.46599,1035.90381,-510.30942,-117.54059,928.56702
3522,29.342,-321.02081,-139.00066,1030.48218,-347.30411,63.86096,1071.48816,-461.04947,-101.30241,1028.39978,-471.3862,23.92547,1035.81812,-510.16858,-117.64904,928.77582
3523,29.35,-321.11694,-139.09428,1030.36975,-347.30411,63.86096,1071.48816,-461.04947,-101.30241,1028.39978,-471.56137,23.82003,1035.89893,-510.24905,-117.34933,928.68628
3524,29.358,-320.87503,-139.38274,1030.68433,-347.30411,63.86096,1071.48816,-461.04947,-101.30241,1028.39978,-471.30814,24.06348,1035.87915,-510.24905,-117.34933,928.68628
3525,29.367,-320.87503,-139.38274,1030.68433,-347.30411,63.86096,1071.48816,-461.23401,-101.32894,1028.56421,-471.1088,23.90649,1035.82776,-510.24905,-117.34933,928.68628
3526,29.375,-320.82697,-139.44766,1030.50854,-347.30411,63.86096,1071.48816,-461.06088,-101.43537,1028.4845,-471.37949,23.93111,1035.8573,-510.16858,-117.64904,928.77582
3527,29.383,-320.9231,-139.54126,1030.39612,-347.30411,63.86096,1071.48816,-461.04947,-101.30241,1028.39978,-471.1088,23.90649,1035.82776,-510.16858,-117.64904,928.77582
3528,29.392,-320.9231,-139.54126,1030.39612,-346.67059,63.60752,1071.71985,-461.06088,-101.43537,1028.4845,-471.01074,23.86843,1035.89111,-510.16858,-117.64904,928.77582
3529,29.4,-320.79614,-139.36525,1030.91895,-346.67059,63.60752,1071.71985,-461.06088,-101.43537,1028.4845,-470.89386,23.38417,1035.94714,-510.16858,-117.64904,928.77582
3530,29.408,-320.9231,-139.54126,1030.39612,-346.68329,63.09012,1071.61169,-461.06088,-101.43537,1028.4845,-471.01074,23.86843,1035.89111,-510.16858,-117.64904,928.77582
3531,29.417,-320.9231,-139.54126,1030.39612,-346.68329,63.09012,1071.61169,-461.06903,-101.49665,1028.71582,-470.63843,23.79855,1035.94336,-510.24905,-117.34933,928.68628
3532,29.425,-320.60034,-139.83049,1030.73059,-346.79459,63.00933,1071.88928,-461.04459,-101.72609,1028.71619,-470.52158,23.31432,1035.99939,-510.24905,-117.34933,928.68628
3533,29.433,-320.9231,-139.54126,1030.39612,-346.47375,62.81951,1072.16455,-461.04459,-101.72609,1028.71619,-470.52158,23.31432,1035.99939,-510.16858,-117.64904,928.77582
3534,29.442,-320.97495,-139.4304,1030.18018,-346.47375,62.81951,1072.16455,-460.9913,-101.85333,1028.52893,-470.52158,23.31432,1035.99939,-510.16858,-117.64904,928.77582
3535,29.45,-320.61948,-139.75194,1030.54797,-346.47375,62.81951,1072.16455,-460.91324,-102.14913,1028.64929,-470.89386,23.38417,1035.94714,-510.30942,-117.54059,928.56702
3536,29.458,-320.61948,-139.75194,1030.54797,-346.47375,62.81951,1072.16455,-461.09769,-102.17558,1028.8136,-470.52158,23.31432,1035.99939,-510.16858,-117.64904,928.77582
3537,29.467,-320.3544,-140.23598,1030.73657,-346.94373,62.80947,1072.49683,-460.9913,-101.85333,1028.52893,-470.43332,23.52127,1036.13684,-510.16858,-117.64904,928.77582
3538,29.475,-320.3623,-140.3383,1030.53174,-346.47375,62.81951,1072.16455,-461.04459,-101.72609,1028.71619,-470.52158,23.31432,1035.99939,-510.24905,-117.34933,928.68628
3539,29.483,-320.52283,-140.20432,1030.36926,-346.94373,62.80947,1072.49683,-461.06903,-101.49665,1028.71582,-470.52158,23.31432,1035.99939,-510.24905,-117.34933,928.68628
3540,29.492,-320.34317,-140.41684,1030.71436,-346.47375,62.81951,1072.16455,-461.06903,-101.49665,1028.71582,-470.43332,23.52127,1036.13684,-510.24905,-117.34933,928.68628
3541,29.5,-320.63229,-140.38574,1030.52991,-346.94373,62.80947,1072.49683,-460.71695,-101.59693,1028.86218,-470.33786,23.39129,1036.18811,-510.16858,-117.64904,928.77582
3542,29.508,-320.63229,-140.38574,1030.52991,-346.94373,62.80947,1072.49683,-460.5856,-102.02007,1028.79529,-470.33786,23.39129,1036.18811,-510.116,-117.87119,928.89941
3543,29.517,-320.77701,-140.6526,1031.12097,-346.94373,62.80947,1072.49683,-460.5856,-102.02007,1028.79529,-470.33786,23.39129,1036.18811,-510.116,-117.87119,928.89941
3544,29.525,-320.28214,-140.71971,1031.15955,-346.43439,63.08303,1072.69897,-460.71695,-101.59693,1028.86218,-470.04483,23.38687,1036.60413,-510.00958,-117.9183,928.96747
3545,29.533,-320.72015,-140.85585,1031.31726,-346.43439,63.08303,1072.69897,-460.70398,-101.40525,1028.99341,-469.86212,23.43255,1036.71765,-510.00958,-117.9183,928.96747
3546,29.542,-320.28214,-140.71971,1031.15955,-346.43439,63.08303,1072.69897,-460.57266,-101.82845,1028.92651,-469.74509,23.49783,1036.79468,-510.00958,-117.9183,928.96747
3547,29.55,-320.4502,-140.80844,1031.31921,-346.43439,63.08303,1072.69897,-460.17419,-102.1023,1028.99524,-469.74509,23.49783,1036.79468,-510.00958,-117.9183,928.96747
3548,29.558,-320.25027,-140.64224,1031.19507,-346.43439,63.08303,1072.69897,-460.49112,-102.11929,1028.98499,-469.70731,23.39035,1036.90771,-510.00958,-117.9183,928.96747
3549,29.567,-320.28214,-140.71971,1031.15955,-346.43439,63.08303,1072.69897,-460.07498,-102.23482,1029.05798,-469.74509,23.49783,1036.79468,-510.00958,-117.9183,928.96747
3550,29.575,-320.07895,-140.5459,1031.03906,-346.43439,63.08303,1072.69897,-459.98984,-102.42819,1028.98669,-469.70731,23.39035,1036.90771,-509.87091,-118.07252,928.98236
3551,29.583,-320.28214,-140.71971,1031.15955,-346.72772,62.61906,1073.18445,-459.5553,-102.61221,1029.02271,-469.65616,23.23663,1036.97949,-509.87091,-118.07252,928.98236
3552,29.592,-320.39264,-140.78799,1031.41736,-346.72772,62.61906,1073.18445,-459.96103,-102.34863,1029.07776,-469.65616,23.23663,1036.97949,-509.87091,-118.07252,928.98236
3553,29.6,-320.30835,-140.70695,1031.51294,-346.72772,62.61906,1073.18445,-459.5553,-102.61221,1029.02271,-469.65616,23.23663,1036.97949,-509.87091,-118.07252,928.98236
3554,29.608,-319.93707,-140.44441,1031.23279,-346.59863,62.04753,1072.71802,-459.56824,-102.80377,1028.89148,-469.56967,23.07037,1036.93372,-509.87091,-118.07252,928.98236
3555,29.617,-319.93707,-140.44441,1031.23279,-346.59863,62.04753,1072.71802,-459.50073,-102.63785,1029.11377,-469.52655,22.85849,1036.98132,-509.87091,-118.07252,928.98236
3556,29.625,-320.24649,-140.72493,1031.79517,-346.59863,62.04753,1072.71802,-459.51367,-102.82941,1028.98254,-469.4678,22.58373,1037.08679,-509.87091,-118.07252,928.98236
3557,29.633,-320.18134,-140.49817,1031.54614,-346.49561,61.62486,1072.8241,-459.50073,-102.63785,1029.11377,-469.43799,22.68895,1037.19568,-509.64426,-118.14936,929.05518
3558,29.642,-320.24649,-140.72493,1031.79517,-346.49561,61.62486,1072.8241,-459.50073,-102.63785,1029.11377,-469.4678,22.58373,1037.08679,-509.16449,-118.70543,929.33972
3559,29.65,-320.27969,-140.65176,1031.89038,-346.49561,61.62486,1072.8241,-459.50073,-102.63785,1029.11377,-469.4678,22.58373,1037.08679,-510.07959,-118.51958,929.38043
3560,29.658,-320.27969,-140.65176,1031.89038,-346.35834,61.33308,1073.01941,-459.50845,-102.64894,1029.24622,-469.4678,22.58373,1037.08679,-509.27689,-118.335,929.33667
3561,29.667,-320.21228,-140.82848,1031.93726,-346.00717,61.15366,1073.1499,-459.50845,-102.64894,1029.24622,-469.43799,22.68895,1037.19568,-509.21844,-118.33913,929.44196
3562,29.675,-320.21228,-140.82848,1031.93726,-346.35834,61.33308,1073.01941,-459.50845,-102.64894,1029.24622,-469.61981,22.57808,1037.23718,-509.27841,-118.7821,929.61249
3563,29.683,-320.21228,-140.82848,1031.93726,-346.35834,61.33308,1073.01941,-459.3739,-102.88535,1029.40845,-469.61981,22.57808,1037.23718,-509.27841,-118.7821,929.61249
3564,29.692,-320.10056,-140.90968,1032.05701,-346.00717,61.15366,1073.1499,-459.50073,-102.63785,1029.11377,-469.48352,22.42193,1037.59412,-508.76706,-118.77388,929.41675
3565,29.7,-320.10056,-140.90968,1032.05701,-345.92337,61.04823,1073.54309,-459.3739,-102.88535,1029.40845,-469.43021,22.4159,1037.69348,-508.76706,-118.77388,929.41675
3566,29.708,-320.10056,-140.90968,1032.05701,-345.92337,61.04823,1073.54309,-459.3739,-102.88535,1029.40845,-469.578,22.14834,1037.573,-508.73041,-118.58893,929.45624
3567,29.717,-320.10056,-140.90968,1032.05701,-345.92337,61.04823,1073.54309,-459.38684,-103.07692,1029.27722,-469.40872,21.78859,1037.46411,-509.05881,-118.88618,929.30066
3568,29.725,-320.10056,-140.90968,1032.05701,-345.92337,61.04823,1073.54309,-459.37909,-103.06582,1029.14465,-469.44321,21.72793,1037.38501,-509.05881,-118.88618,929.30066
3569,29.733,-320.10056,-140.90968,1032.05701,-345.92337,61.04823,1073.54309,-459.37909,-103.06582,1029.14465,-469.4838,21.54473,1037.46863,-508.86588,-119.04787,929.41406
3570,29.742,-320.10056,-140.90968,1032.05701,-345.92337,61.04823,1073.54309,-459.37909,-103.06582,1029.14465,-469.4838,21.54473,1037.46863,-508.60751,-119.32087,929.27539
3571,29.75,-320.10056,-140.90968,1032.05701,-345.92337,61.04823,1073.54309,-459.37909,-103.06582,1029.14465,-469.4838,21.54473,1037.46863,-508.58536,-119.10796,929.28052
3572,29.758,-320.10056,-140.90968,1032.05701,-345.92337,61.04823,1073.54309,-459.37909,-103.06582,1029.14465,-469.36523,21.41339,1037.47998,-508.58536,-119.10796,929.28052
3573,29.767,-320.10056,-140.90968,1032.05701,-345.92337,61.04823,1073.54309,-459.21646,-103.0631,1029.05261,-469.54703,21.30241,1037.52148,-508.47302,-119.47836,929.28357
3574,29.775,-320.21228,-140.82848,1031.93726,-345.92337,61.04823,1073.54309,-459.23935,-103.17851,1028.99109,-469.67331,21.70693,1037.01245,-508.47302,-119.47836,929.28357
3575,29.783,-320.17911,-140.90164,1031.84204,-346.07147,60.74271,1074.2124,-459.21646,-103.0631,1029.05261,-469.4838,21.54473,1037.46863,-508.47302,-119.47836,929.28357
3576,29.792,-320.10056,-140.90968,1032.05701,-346.1893,60.15942,1073.88196,-459.3739,-102.94209,1028.82886,-469.76166,21.49992,1036.87476,-508.60187,-119.35968,929.04083
3577,29.8,-320.17911,-140.90164,1031.84204,-346.07147,60.74271,1074.2124,-459.23935,-103.17851,1028.99109,-469.6431,21.36851,1036.88611,-509.00641,-118.94334,929.08746
3578,29.808,-320.17911,-140.90164,1031.84204,-346.1893,60.15942,1073.88196,-459.3739,-102.94209,1028.82886,-469.76166,21.49992,1036.87476,-508.7142,-118.98925,929.03778
3579,29.817,-320.17911,-140.90164,1031.84204,-346.1893,60.15942,1073.88196,-459.3739,-102.94209,1028.82886,-469.76166,21.49992,1036.87476,-508.7142,-118.98925,929.03778
3580,29.825,-320.45999,-140.94702,1031.8457,-346.1893,60.15942,1073.88196,-459.3739,-102.94209,1028.82886,-469.67331,21.70693,1037.01245,-508.7142,-118.98925,929.03778
3581,29.833,-320.45999,-140.94702,1031.8457,-346.1893,60.15942,1073.88196,-459.23935,-103.17851,1028.99109,-469.41855,21.41943,1037.38062,-508.7142,-118.98925,929.03778
3582,29.842,-320.45999,-140.94702,1031.8457,-346.07147,60.74271,1074.2124,-459.3739,-102.94209,1028.82886,-469.58981,21.36244,1036.98547,-508.7142,-118.98925,929.03778
3583,29.85,-320.53333,-141.03009,1031.74463,-346.07147,60.74271,1074.2124,-459.3739,-102.94209,1028.82886,-469.45361,21.20637,1037.34229,-509.00641,-118.94334,929.08746
3584,29.858,-320.21228,-140.82848,1031.93726,-346.1893,60.15942,1073.88196,-459.42499,-102.93211,1028.74121,-469.58981,21.36244,1036.98547,-509.00641,-118.94334,929.08746
3585,29.867,-320.53333,-141.03009,1031.74463,-346.1893,60.15942,1073.88196,-459.36624,-102.93098,1028.69629,-469.45361,21.20637,1037.34229,-508.7142,-118.98925,929.03778
3586,29.875,-320.45999,-140.94702,1031.8457,-346.1893,60.15942,1073.88196,-459.3739,-102.94209,1028.82886,-469.45361,21.20637,1037.34229,-509.00641,-118.94334,929.08746
3587,29.883,-320.53333,-141.03009,1031.74463,-346.1893,60.15942,1073.88196,-459.36624,-102.93098,1028.69629,-469.36523,21.41339,1037.47998,-509.00641,-118.94334,929.08746
3588,29.892,-320.53333,-141.03009,1031.74463,-346.1893,60.15942,1073.88196,-459.23169,-103.1674,1028.85852,-469.36523,21.41339,1037.47998,-509.1409,-118.78574,929.07928
3589,29.9,-320.69839,-140.98334,1031.651,-346.1893,60.15942,1073.88196,-459.23169,-103.1674,1028.85852,-469.36523,21.41339,1037.47998,-509.1409,-118.78574,929.07928
3590,29.908,-320.69839,-140.98334,1031.651,-346.1893,60.15942,1073.88196,-459.23169,-103.1674,1028.85852,-469.36523,21.41339,1037.47998,-508.84869,-118.8317,929.0296
3591,29.917,-320.69839,-140.98334,1031.651,-346.1893,60.15942,1073.88196,-459.23169,-103.1674,1028.85852,-469.45361,21.20637,1037.34229,-509.1409,-118.78574,929.07928
3592,29.925,-320.69839,-140.98334,1031.651,-346.1893,60.15942,1073.88196,-459.36624,-102.93098,1028.69629,-469.35678,20.83541,1037.3114,-509.2916,-118.85831,929.0274
3593,29.933,-320.59518,-141.0121,1031.4624,-346.1893,60.15942,1073.88196,-459.36624,-102.93098,1028.69629,-469.44421,21.11641,1037.42786,-509.1409,-118.78574,929.07928
3594,29.942,-320.59518,-141.0121,1031.4624,-346.1893,60.15942,1073.88196,-459.41733,-102.92101,1028.60864,-469.36523,21.41339,1037.47998,-509.1409,-118.78574,929.07928
3595,29.95,-320.65277,-141.03253,1031.36426,-346.1893,60.15942,1073.88196,-459.23169,-103.1674,1028.85852,-469.36523,21.41339,1037.47998,-509.1409,-118.78574,929.07928
3596,29.958,-320.65277,-141.03253,1031.36426,-346.1893,60.15942,1073.88196,-459.41733,-102.92101,1028.60864,-469.36523,21.41339,1037.47998,-509.42612,-118.70066,929.01923
3597,29.967,-320.65277,-141.03253,1031.36426,-346.1893,60.15942,1073.88196,-459.41733,-102.92101,1028.60864,-469.45361,21.20637,1037.34229,-509.65274,-118.62387,928.94641
3598,29.975,-320.65277,-141.03253,1031.36426,-346.1893,60.15942,1073.88196,-459.5686,-103.0767,1028.5835,-469.45361,21.20637,1037.34229,-509.42612,-118.70066,929.01923
3599,29.983,-320.65277,-141.03253,1031.36426,-346.1893,60.15942,1073.88196,-459.5686,-103.0767,1028.5835,-469.45361,21.20637,1037.34229,-509.42612,-118.70066,929.01923
3600,29.992,-320.65277,-141.03253,1031.36426,-346.1893,60.15942,1073.88196,-459.5686,-103.0767,1028.5835,-469.45361,21.20637,1037.34229,-509.65274,-118.62387,928.94641
